6.964163574218750000e+03 6.985562988281250000e+03 6.950708496093750000e+03 6.985222656250000000e+03 1.588797599675446033e+09
5.416781250000000000e+03 5.366329101562500000e+03 4.434731445312500000e+03 4.377829101562500000e+03 1.588797623185582638e+09
5.673604492187500000e+03 5.615504882812500000e+03 4.171744628906250000e+03 4.106999023437500000e+03 1.588797634951060295e+09
4.958170898437500000e+03 4.897769042968750000e+03 4.087023681640625000e+03 4.019173583984375000e+03 1.588797646695864439e+09
4.512291503906250000e+03 4.451342285156250000e+03 3.657866210937500000e+03 3.590144042968750000e+03 1.588797658617716789e+09
4.494011230468750000e+03 4.431527832031250000e+03 3.726850097656250000e+03 3.657583984375000000e+03 1.588797670327660561e+09
4.116219238281250000e+03 4.055107421875000000e+03 3.540277587890625000e+03 3.471764648437500000e+03 1.588797682052691936e+09
4.154585937500000000e+03 4.091084960937500000e+03 3.525422119140625000e+03 3.454779785156250000e+03 1.588797693838128567e+09
4.000672363281250000e+03 3.935744384765625000e+03 3.359394531250000000e+03 3.287194335937500000e+03 1.588797705624327421e+09
4.356655761718750000e+03 4.292121582031250000e+03 3.747582275390625000e+03 3.676185546875000000e+03 1.588797717343997717e+09
3.866908691406250000e+03 3.799388671875000000e+03 3.423700195312500000e+03 3.348770996093750000e+03 1.588797729005793095e+09
4.045050537109375000e+03 3.977364501953125000e+03 3.444666748046875000e+03 3.369608398437500000e+03 1.588797740511299133e+09
3.918122314453125000e+03 3.851287353515625000e+03 3.455328613281250000e+03 3.381127929687500000e+03 1.588797752244151831e+09
3.860719970703125000e+03 3.795461425781250000e+03 3.427339355468750000e+03 3.354855957031250000e+03 1.588797763937087297e+09
3.827668457031250000e+03 3.761054687500000000e+03 3.304399902343750000e+03 3.230088867187500000e+03 1.588797776034341812e+09
3.624533691406250000e+03 3.554469238281250000e+03 3.370169189453125000e+03 3.292598388671875000e+03 1.588797786813827515e+09
3.715002441406250000e+03 3.647257324218750000e+03 3.494716552734375000e+03 3.419057128906250000e+03 1.588797797687063694e+09
3.695403076171875000e+03 3.628114013671875000e+03 3.315098632812500000e+03 3.240564453125000000e+03 1.588797808753798723e+09
3.582392333984375000e+03 3.513004882812500000e+03 3.389587646484375000e+03 3.312729980468750000e+03 1.588797819624545813e+09
3.565913085937500000e+03 3.495551269531250000e+03 3.325208740234375000e+03 3.247675781250000000e+03 1.588797830577757120e+09
3.898734375000000000e+03 3.826351806640625000e+03 3.466680908203125000e+03 3.387006347656250000e+03 1.588797841605248690e+09
3.656097412109375000e+03 3.586224853515625000e+03 3.378895507812500000e+03 3.301140625000000000e+03 1.588797852787340641e+09
3.621681396484375000e+03 3.552282226562500000e+03 3.267156005859375000e+03 3.190480468750000000e+03 1.588797864173823595e+09
3.719102050781250000e+03 3.648398925781250000e+03 3.330211425781250000e+03 3.252015136718750000e+03 1.588797875489121437e+09
3.583076171875000000e+03 3.512935302734375000e+03 3.270714599609375000e+03 3.193629150390625000e+03 1.588797886756809950e+09
3.550208007812500000e+03 3.477289306640625000e+03 3.270141113281250000e+03 3.189845214843750000e+03 1.588797898047730207e+09
3.632733154296875000e+03 3.562005615234375000e+03 3.438148681640625000e+03 3.360286132812500000e+03 1.588797909000283480e+09
3.571579345703125000e+03 3.496508056640625000e+03 3.333210449218750000e+03 3.251185546875000000e+03 1.588797920093003988e+09
3.698682373046875000e+03 3.629744628906250000e+03 3.317869628906250000e+03 3.241992675781250000e+03 1.588797930413932562e+09
3.559603759765625000e+03 3.490836181640625000e+03 3.427116210937500000e+03 3.350700195312500000e+03 1.588797941406253576e+09
3.459324218750000000e+03 3.386375488281250000e+03 3.246527587890625000e+03 3.166519531250000000e+03 1.588797952587712526e+09
