6.734464355468750000e+03 6.723578613281250000e+03 7.110017089843750000e+03 7.088991210937500000e+03 1.588802403420034885e+09
6.928707031250000000e+03 6.916857421875000000e+03 6.965541503906250000e+03 6.955643554687500000e+03 1.588802407275613070e+09
7.051659179687500000e+03 7.038839843750000000e+03 7.104201660156250000e+03 7.089958496093750000e+03 1.588802411131236553e+09
6.469582031250000000e+03 6.447962890625000000e+03 6.376434570312500000e+03 6.352144531250000000e+03 1.588802415034305811e+09
6.313305175781250000e+03 6.283708984375000000e+03 6.234587402343750000e+03 6.201189453125000000e+03 1.588802418983385324e+09
5.833946289062500000e+03 5.798127929687500000e+03 5.695645507812500000e+03 5.654231445312500000e+03 1.588802423040250540e+09
5.448531250000000000e+03 5.399040527343750000e+03 5.124470214843750000e+03 5.060669921875000000e+03 1.588802427145526409e+09
5.059507812500000000e+03 4.993268554687500000e+03 5.068326660156250000e+03 4.993816406250000000e+03 1.588802431229452372e+09
4.969612304687500000e+03 4.897644531250000000e+03 4.932012207031250000e+03 4.851081054687500000e+03 1.588802435338256598e+09
4.940878417968750000e+03 4.864122558593750000e+03 4.913697265625000000e+03 4.829698730468750000e+03 1.588802439417321682e+09
4.607049804687500000e+03 4.529535156250000000e+03 4.772123535156250000e+03 4.686229003906250000e+03 1.588802443499602079e+09
4.789952636718750000e+03 4.709866210937500000e+03 4.806126953125000000e+03 4.718168457031250000e+03 1.588802447596127510e+09
5.179957031250000000e+03 5.101458496093750000e+03 5.177880859375000000e+03 5.093435546875000000e+03 1.588802451664656401e+09
5.094333984375000000e+03 5.015490234375000000e+03 5.097662597656250000e+03 5.011305664062500000e+03 1.588802455761407375e+09
4.848683105468750000e+03 4.769158203125000000e+03 4.964858886718750000e+03 4.877804687500000000e+03 1.588802459853783846e+09
4.974439941406250000e+03 4.895378906250000000e+03 4.985742675781250000e+03 4.898201660156250000e+03 1.588802463403129578e+09
4.956672851562500000e+03 4.877095703125000000e+03 4.947006835937500000e+03 4.857476562500000000e+03 1.588802466901220083e+09
4.972775878906250000e+03 4.894850585937500000e+03 4.966386718750000000e+03 4.875263671875000000e+03 1.588802470416880608e+09
4.990229492187500000e+03 4.904862304687500000e+03 4.974897460937500000e+03 4.883644531250000000e+03 1.588802473937764406e+09
4.952212402343750000e+03 4.873333984375000000e+03 4.971904296875000000e+03 4.881202148437500000e+03 1.588802477458590984e+09
4.956800292968750000e+03 4.876916015625000000e+03 4.962239746093750000e+03 4.871529785156250000e+03 1.588802480997172117e+09
4.935275390625000000e+03 4.854742187500000000e+03 4.932854980468750000e+03 4.840924804687500000e+03 1.588802484502984524e+09
4.965319335937500000e+03 4.883394531250000000e+03 4.978828125000000000e+03 4.887529785156250000e+03 1.588802488011896133e+09
4.939550781250000000e+03 4.854089843750000000e+03 4.944681640625000000e+03 4.853122070312500000e+03 1.588802491520218611e+09
4.931939941406250000e+03 4.846856445312500000e+03 4.947814453125000000e+03 4.857428222656250000e+03 1.588802495029460669e+09
4.937264160156250000e+03 4.852360351562500000e+03 4.921583007812500000e+03 4.831639648437500000e+03 1.588802498569193363e+09
4.986945312500000000e+03 4.905360839843750000e+03 4.975203613281250000e+03 4.885163574218750000e+03 1.588802502091497183e+09
4.968284179687500000e+03 4.883518066406250000e+03 4.972577636718750000e+03 4.881786621093750000e+03 1.588802505595642567e+09
5.050723144531250000e+03 4.962072753906250000e+03 5.023087890625000000e+03 4.930078613281250000e+03 1.588802509118999720e+09
4.870691406250000000e+03 4.783375488281250000e+03 4.841440917968750000e+03 4.746877441406250000e+03 1.588802512640400171e+09
4.668676757812500000e+03 4.583885742187500000e+03 4.659276855468750000e+03 4.563776367187500000e+03 1.588802516178993225e+09
4.609671386718750000e+03 4.522055664062500000e+03 4.605226562500000000e+03 4.509186523437500000e+03 1.588802519712683201e+09
4.370100097656250000e+03 4.283470703125000000e+03 4.296730957031250000e+03 4.197063476562500000e+03 1.588802523204401255e+09
4.377664062500000000e+03 4.286053710937500000e+03 4.437845214843750000e+03 4.340228515625000000e+03 1.588802526727279663e+09
4.273356933593750000e+03 4.181077148437500000e+03 4.268365722656250000e+03 4.169001953125000000e+03 1.588802530236146688e+09
4.277583496093750000e+03 4.193708984375000000e+03 4.253039062500000000e+03 4.154302734375000000e+03 1.588802533751716614e+09
4.732345703125000000e+03 4.636187011718750000e+03 4.737222656250000000e+03 4.633584960937500000e+03 1.588802537259850740e+09
4.740180175781250000e+03 4.652738281250000000e+03 4.770817382812500000e+03 4.666601074218750000e+03 1.588802540802495956e+09
4.741092285156250000e+03 4.645366699218750000e+03 4.740270019531250000e+03 4.636957519531250000e+03 1.588802544332959652e+09
4.748678222656250000e+03 4.655862304687500000e+03 4.731339843750000000e+03 4.628031250000000000e+03 1.588802547870282650e+09
4.720841308593750000e+03 4.626588378906250000e+03 4.734126464843750000e+03 4.631255371093750000e+03 1.588802551373845816e+09
4.723686523437500000e+03 4.629512695312500000e+03 4.729409179687500000e+03 4.626951660156250000e+03 1.588802554896783113e+09
4.708128417968750000e+03 4.611990234375000000e+03 4.714005859375000000e+03 4.609260742187500000e+03 1.588802558412246943e+09
4.679894531250000000e+03 4.586940917968750000e+03 4.707355957031250000e+03 4.602243164062500000e+03 1.588802561890861034e+09
4.723202636718750000e+03 4.626963867187500000e+03 4.710893066406250000e+03 4.605753906250000000e+03 1.588802565338109255e+09
4.733591308593750000e+03 4.633188476562500000e+03 4.729399414062500000e+03 4.623291015625000000e+03 1.588802568848621845e+09
4.665577148437500000e+03 4.568869628906250000e+03 4.651796386718750000e+03 4.547259277343750000e+03 1.588802572348667622e+09
4.732033691406250000e+03 4.638775390625000000e+03 4.727043457031250000e+03 4.620440429687500000e+03 1.588802575853770256e+09
4.727038085937500000e+03 4.633748046875000000e+03 4.733009765625000000e+03 4.626293945312500000e+03 1.588802579359106541e+09
4.728405273437500000e+03 4.629050781250000000e+03 4.721422851562500000e+03 4.615044433593750000e+03 1.588802582864179611e+09
4.733155761718750000e+03 4.631658691406250000e+03 4.729875000000000000e+03 4.622865722656250000e+03 1.588802586397848129e+09
4.721890625000000000e+03 4.623151367187500000e+03 4.728924804687500000e+03 4.622170898437500000e+03 1.588802589928177595e+09
4.728262695312500000e+03 4.631476074218750000e+03 4.723598632812500000e+03 4.616845703125000000e+03 1.588802593462768078e+09
4.731717285156250000e+03 4.628667480468750000e+03 4.728917480468750000e+03 4.622301269531250000e+03 1.588802596980517864e+09
4.719253906250000000e+03 4.621286132812500000e+03 4.724071289062500000e+03 4.617707519531250000e+03 1.588802600471252203e+09
4.730650878906250000e+03 4.631660156250000000e+03 4.726049316406250000e+03 4.620575195312500000e+03 1.588802603993769407e+09
4.728637207031250000e+03 4.627514648437500000e+03 4.729479980468750000e+03 4.623733398437500000e+03 1.588802607510515213e+09
4.722991210937500000e+03 4.625634765625000000e+03 4.727009277343750000e+03 4.620790039062500000e+03 1.588802611026051760e+09
4.742803710937500000e+03 4.644241210937500000e+03 4.730332031250000000e+03 4.624453613281250000e+03 1.588802614666778088e+09
4.723415527343750000e+03 4.621751953125000000e+03 4.724238769531250000e+03 4.618523925781250000e+03 1.588802618742177963e+09
4.733459960937500000e+03 4.631991210937500000e+03 4.730500976562500000e+03 4.624804687500000000e+03 1.588802622829824209e+09
4.715777343750000000e+03 4.619308593750000000e+03 4.725125488281250000e+03 4.619360351562500000e+03 1.588802626919661045e+09
4.666484863281250000e+03 4.568778320312500000e+03 4.657198730468750000e+03 4.551451171875000000e+03 1.588802631004012108e+09
4.662464355468750000e+03 4.562994140625000000e+03 4.665333984375000000e+03 4.560296875000000000e+03 1.588802635071832895e+09
4.688752929687500000e+03 4.595798828125000000e+03 4.651730468750000000e+03 4.545892089843750000e+03 1.588802639160735846e+09
4.652887695312500000e+03 4.551380859375000000e+03 4.648424804687500000e+03 4.542024902343750000e+03 1.588802643238035679e+09
4.673391113281250000e+03 4.574060058593750000e+03 4.637267089843750000e+03 4.530806152343750000e+03 1.588802647337925911e+09
4.637980468750000000e+03 4.540862304687500000e+03 4.643965820312500000e+03 4.538062988281250000e+03 1.588802651429278612e+09
4.502381835937500000e+03 4.402843750000000000e+03 4.550958984375000000e+03 4.446336914062500000e+03 1.588802654588778019e+09
4.640599121093750000e+03 4.541275390625000000e+03 4.644621582031250000e+03 4.538858398437500000e+03 1.588802657525245190e+09
4.637034667968750000e+03 4.539757812500000000e+03 4.652632324218750000e+03 4.547165039062500000e+03 1.588802660817214727e+09
4.669794433593750000e+03 4.571785644531250000e+03 4.663039062500000000e+03 4.557516601562500000e+03 1.588802664296606541e+09
4.644622558593750000e+03 4.543631835937500000e+03 4.642834472656250000e+03 4.536737792968750000e+03 1.588802667824654102e+09
4.616382324218750000e+03 4.519229492187500000e+03 4.636463867187500000e+03 4.531538574218750000e+03 1.588802671325366974e+09
4.628169433593750000e+03 4.528843261718750000e+03 4.618434570312500000e+03 4.513164550781250000e+03 1.588802674826404095e+09
4.864554199218750000e+03 4.772006835937500000e+03 4.951628906250000000e+03 4.853698242187500000e+03 1.588802678361581087e+09
4.745270996093750000e+03 4.648654296875000000e+03 4.736671386718750000e+03 4.632761230468750000e+03 1.588802681895095825e+09
4.740278320312500000e+03 4.646089843750000000e+03 4.748477050781250000e+03 4.646385742187500000e+03 1.588802685414639473e+09
4.726369628906250000e+03 4.634916015625000000e+03 4.722039062500000000e+03 4.622848632812500000e+03 1.588802688911419392e+09
4.716345703125000000e+03 4.624896972656250000e+03 4.724366210937500000e+03 4.624935546875000000e+03 1.588802692446302652e+09
4.722719726562500000e+03 4.630685546875000000e+03 4.720436523437500000e+03 4.619461914062500000e+03 1.588802695982862711e+09
4.689885742187500000e+03 4.597139648437500000e+03 4.668073242187500000e+03 4.567567382812500000e+03 1.588802699509595871e+09
4.717251464843750000e+03 4.630190429687500000e+03 4.729249511718750000e+03 4.630070312500000000e+03 1.588802703028727770e+09
4.715467773437500000e+03 4.621545898437500000e+03 4.733703125000000000e+03 4.634122070312500000e+03 1.588802706532986164e+09
4.711771972656250000e+03 4.621093261718750000e+03 4.711044921875000000e+03 4.613860351562500000e+03 1.588802710024209738e+09
4.729959472656250000e+03 4.640145507812500000e+03 4.742004882812500000e+03 4.648023437500000000e+03 1.588802713540284634e+09
4.680374023437500000e+03 4.595325195312500000e+03 4.717593750000000000e+03 4.624350585937500000e+03 1.588802717054283619e+09
4.704264160156250000e+03 4.619410156250000000e+03 4.715654785156250000e+03 4.623343261718750000e+03 1.588802720577583790e+09
4.752711914062500000e+03 4.671321289062500000e+03 4.770447753906250000e+03 4.677031250000000000e+03 1.588802724087443352e+09
5.236175292968750000e+03 5.153024902343750000e+03 5.278099121093750000e+03 5.185862304687500000e+03 1.588802727590085030e+09
4.782470703125000000e+03 4.700692382812500000e+03 4.764244140625000000e+03 4.673515625000000000e+03 1.588802731109217644e+09
4.630629882812500000e+03 4.541673828125000000e+03 4.779238281250000000e+03 4.686475585937500000e+03 1.588802734620142698e+09
4.801942382812500000e+03 4.711102050781250000e+03 4.776053222656250000e+03 4.679719238281250000e+03 1.588802738127410889e+09
4.751511718750000000e+03 4.665797363281250000e+03 4.767658691406250000e+03 4.675971191406250000e+03 1.588802741647884369e+09
4.752681640625000000e+03 4.669725097656250000e+03 4.765127929687500000e+03 4.674899414062500000e+03 1.588802745143362999e+09
4.858005371093750000e+03 4.781600585937500000e+03 5.033758789062500000e+03 4.950499023437500000e+03 1.588802748659651995e+09
4.830222167968750000e+03 4.738975097656250000e+03 4.796395996093750000e+03 4.704445312500000000e+03 1.588802752200893164e+09
4.728236816406250000e+03 4.647724609375000000e+03 4.727790527343750000e+03 4.641009765625000000e+03 1.588802755719987154e+09
4.726217773437500000e+03 4.649592773437500000e+03 4.424817871093750000e+03 4.316144042968750000e+03 1.588802759235597610e+09
4.419477050781250000e+03 4.321494140625000000e+03 4.439396972656250000e+03 4.329856445312500000e+03 1.588802762800180674e+09
4.415439453125000000e+03 4.316160644531250000e+03 4.441267578125000000e+03 4.332285156250000000e+03 1.588802766393644571e+09
4.372940917968750000e+03 4.277038085937500000e+03 4.424382812500000000e+03 4.316814453125000000e+03 1.588802769989748001e+09
5.629424316406250000e+03 5.558993652343750000e+03 5.766133300781250000e+03 5.685220703125000000e+03 1.588802773576026678e+09
5.296457031250000000e+03 5.212099121093750000e+03 5.105600097656250000e+03 5.013643554687500000e+03 1.588802777047573566e+09
4.967417480468750000e+03 4.880258789062500000e+03 4.929746093750000000e+03 4.834151855468750000e+03 1.588802780558614254e+09
4.931856933593750000e+03 4.838210937500000000e+03 4.891700195312500000e+03 4.793808593750000000e+03 1.588802784072983265e+09
4.891591308593750000e+03 4.800396484375000000e+03 4.886384277343750000e+03 4.787678710937500000e+03 1.588802787585010290e+09
5.149711425781250000e+03 5.070902832031250000e+03 5.111189941406250000e+03 4.997859375000000000e+03 1.588802791111637831e+09
4.835396972656250000e+03 4.734274414062500000e+03 4.865479492187500000e+03 4.755179687500000000e+03 1.588802794595427513e+09
4.590895019531250000e+03 4.487404785156250000e+03 4.587631835937500000e+03 4.477776367187500000e+03 1.588802798098495960e+09
4.585700195312500000e+03 4.486834472656250000e+03 4.590154785156250000e+03 4.483524414062500000e+03 1.588802801651215076e+09
4.607167968750000000e+03 4.508318359375000000e+03 4.589820312500000000e+03 4.484363281250000000e+03 1.588802805161047697e+09
4.567039550781250000e+03 4.469456542968750000e+03 4.579047363281250000e+03 4.475066406250000000e+03 1.588802808668142557e+09
4.586185546875000000e+03 4.489934570312500000e+03 4.576365722656250000e+03 4.473026367187500000e+03 1.588802812185778618e+09
4.568683105468750000e+03 4.472605468750000000e+03 4.570193359375000000e+03 4.467239257812500000e+03 1.588802815716717005e+09
4.579209960937500000e+03 4.485724121093750000e+03 4.577346679687500000e+03 4.474995117187500000e+03 1.588802819218542099e+09
4.583266113281250000e+03 4.487252441406250000e+03 4.578876464843750000e+03 4.477474609375000000e+03 1.588802822734310865e+09
4.584835937500000000e+03 4.489386718750000000e+03 4.589635742187500000e+03 4.488175292968750000e+03 1.588802826266763449e+09
4.580685058593750000e+03 4.488905273437500000e+03 4.584219238281250000e+03 4.483055175781250000e+03 1.588802829763274193e+09
4.576362792968750000e+03 4.479514648437500000e+03 4.575009765625000000e+03 4.474317382812500000e+03 1.588802833284789801e+09
4.583834472656250000e+03 4.487519042968750000e+03 4.582642578125000000e+03 4.481974609375000000e+03 1.588802836797089100e+09
4.551232421875000000e+03 4.456411132812500000e+03 4.553436523437500000e+03 4.453089843750000000e+03 1.588802840401129484e+09
4.563532714843750000e+03 4.468256347656250000e+03 4.562132812500000000e+03 4.461002929687500000e+03 1.588802843979734898e+09
4.572210937500000000e+03 4.476830078125000000e+03 4.561187500000000000e+03 4.459659179687500000e+03 1.588802847564054966e+09
4.808823730468750000e+03 4.736800781250000000e+03 4.570222167968750000e+03 4.468390136718750000e+03 1.588802851203576326e+09
4.559935546875000000e+03 4.466737304687500000e+03 4.557818847656250000e+03 4.456616210937500000e+03 1.588802854780701160e+09
