6.923276367187500000e+03 6.900750000000000000e+03 6.523248535156250000e+03 6.500901367187500000e+03 1.588802125927817822e+09
6.985111816406250000e+03 6.981887695312500000e+03 6.992729003906250000e+03 6.986923828125000000e+03 1.588802129026432991e+09
7.034106445312500000e+03 7.025030273437500000e+03 6.826183593750000000e+03 6.817863281250000000e+03 1.588802132027291059e+09
6.614617675781250000e+03 6.605120117187500000e+03 6.679693847656250000e+03 6.667384765625000000e+03 1.588802134957755566e+09
6.601424804687500000e+03 6.585235351562500000e+03 6.611243652343750000e+03 6.594052734375000000e+03 1.588802137935891628e+09
6.533135742187500000e+03 6.516527343750000000e+03 6.962802246093750000e+03 6.953039062500000000e+03 1.588802141071306705e+09
6.421485351562500000e+03 6.404914062500000000e+03 6.339952148437500000e+03 6.319893554687500000e+03 1.588802144135891199e+09
6.045132324218750000e+03 6.024903320312500000e+03 5.990477050781250000e+03 5.968854492187500000e+03 1.588802147267880201e+09
6.002307128906250000e+03 5.980803710937500000e+03 6.029898437500000000e+03 6.006147460937500000e+03 1.588802150413710594e+09
6.504666015625000000e+03 6.496010742187500000e+03 5.949273437500000000e+03 5.924646972656250000e+03 1.588802153568825006e+09
8.493866210937500000e+03 8.454289062500000000e+03 5.833538574218750000e+03 5.807195312500000000e+03 1.588802156621566057e+09
5.673953125000000000e+03 5.637107421875000000e+03 5.755182617187500000e+03 5.727760742187500000e+03 1.588802159706510305e+09
5.590666992187500000e+03 5.553155273437500000e+03 5.785753906250000000e+03 5.758133789062500000e+03 1.588802162812455416e+09
5.614661132812500000e+03 5.571272460937500000e+03 5.541745117187500000e+03 5.494329101562500000e+03 1.588802165961970329e+09
6.025337890625000000e+03 5.997823242187500000e+03 5.715035156250000000e+03 5.684617187500000000e+03 1.588802169044633150e+09
5.715735351562500000e+03 5.686782226562500000e+03 5.729321289062500000e+03 5.699111816406250000e+03 1.588802172124341011e+09
5.692188964843750000e+03 5.652506835937500000e+03 5.791726074218750000e+03 5.761900878906250000e+03 1.588802175232133389e+09
5.434370117187500000e+03 5.394972167968750000e+03 5.531775878906250000e+03 5.484153808593750000e+03 1.588802178350717545e+09
5.464837890625000000e+03 5.417077148437500000e+03 5.681987304687500000e+03 5.649593750000000000e+03 1.588802181468252897e+09
5.769929199218750000e+03 5.740286132812500000e+03 5.514250000000000000e+03 5.464808593750000000e+03 1.588802184617364645e+09
5.407474609375000000e+03 5.357563476562500000e+03 5.431402343750000000e+03 5.380069335937500000e+03 1.588802187743287086e+09
5.679053222656250000e+03 5.649249023437500000e+03 5.491032714843750000e+03 5.440384277343750000e+03 1.588802190885421991e+09
5.565268554687500000e+03 5.519276855468750000e+03 5.490540039062500000e+03 5.439890136718750000e+03 1.588802193985002279e+09
5.698847167968750000e+03 5.669885742187500000e+03 5.456305175781250000e+03 5.404748046875000000e+03 1.588802197102877617e+09
5.533589355468750000e+03 5.484147949218750000e+03 5.479737304687500000e+03 5.428169921875000000e+03 1.588802200208582163e+09
5.464201660156250000e+03 5.413128906250000000e+03 5.439395507812500000e+03 5.386278320312500000e+03 1.588802203321030617e+09
