7.004278320312500000e+03 6.989040039062500000e+03 6.801164550781250000e+03 6.771267578125000000e+03 1.588787257239441872e+09
5.261552734375000000e+03 5.209769042968750000e+03 5.250112792968750000e+03 5.191199218750000000e+03 1.588787270862101316e+09
4.952322265625000000e+03 4.891184570312500000e+03 4.944543457031250000e+03 4.876676757812500000e+03 1.588787284582460880e+09
4.814675292968750000e+03 4.746627441406250000e+03 4.760047851562500000e+03 4.686107421875000000e+03 1.588787298274406195e+09
4.601008300781250000e+03 4.525061035156250000e+03 4.566930664062500000e+03 4.482544433593750000e+03 1.588787312394735098e+09
4.573964355468750000e+03 4.495375976562500000e+03 4.530242675781250000e+03 4.443385742187500000e+03 1.588787325921824455e+09
4.559484375000000000e+03 4.480355468750000000e+03 4.516518554687500000e+03 4.429437500000000000e+03 1.588787339622796297e+09
4.295589843750000000e+03 4.216650390625000000e+03 4.293787109375000000e+03 4.206563476562500000e+03 1.588787352833027601e+09
4.159757324218750000e+03 4.081099609375000000e+03 4.144942871093750000e+03 4.059474609375000000e+03 1.588787366166440010e+09
4.148957031250000000e+03 4.068171630859375000e+03 4.138751953125000000e+03 4.051084716796875000e+03 1.588787379615027666e+09
4.142357421875000000e+03 4.060855224609375000e+03 4.138567871093750000e+03 4.050123046875000000e+03 1.588787393123925924e+09
4.140939453125000000e+03 4.059043212890625000e+03 4.137892089843750000e+03 4.048989257812500000e+03 1.588787406433960438e+09
4.141311523437500000e+03 4.058897216796875000e+03 4.137776855468750000e+03 4.048441162109375000e+03 1.588787419772003651e+09
4.138598632812500000e+03 4.055897216796875000e+03 4.135735839843750000e+03 4.046115234375000000e+03 1.588787433679265499e+09
4.137954101562500000e+03 4.055169677734375000e+03 4.135831054687500000e+03 4.046144531250000000e+03 1.588787446841728449e+09
4.140326171875000000e+03 4.057389648437500000e+03 4.137325195312500000e+03 4.047458007812500000e+03 1.588787460172796488e+09
4.138348632812500000e+03 4.055284179687500000e+03 4.136820800781250000e+03 4.046998779296875000e+03 1.588787473914586067e+09
4.142111816406250000e+03 4.059140625000000000e+03 4.140352539062500000e+03 4.050554443359375000e+03 1.588787487521872282e+09
4.138151855468750000e+03 4.055162597656250000e+03 4.136498046875000000e+03 4.046638183593750000e+03 1.588787501013476133e+09
4.141144531250000000e+03 4.058030517578125000e+03 4.138770996093750000e+03 4.048772460937500000e+03 1.588787514140194654e+09
4.138469238281250000e+03 4.055538574218750000e+03 4.136964843750000000e+03 4.047169189453125000e+03 1.588787527422326326e+09
4.138443359375000000e+03 4.055084716796875000e+03 4.136834960937500000e+03 4.046670898437500000e+03 1.588787540946911812e+09
4.138085937500000000e+03 4.055294921875000000e+03 4.136526367187500000e+03 4.046827636718750000e+03 1.588787554992933750e+09
4.139618164062500000e+03 4.056913085937500000e+03 4.138547363281250000e+03 4.048970703125000000e+03 1.588787569490206242e+09
4.138749023437500000e+03 4.055835693359375000e+03 4.137041503906250000e+03 4.047188964843750000e+03 1.588787582846152306e+09
4.137843261718750000e+03 4.055181396484375000e+03 4.136641601562500000e+03 4.046978515625000000e+03 1.588787596455229282e+09
