6.792682617187500000e+03 6.772417968750000000e+03 6.801164550781250000e+03 6.771267578125000000e+03 1.588804381830957413e+09
6.891321777343750000e+03 6.893127441406250000e+03 6.852043457031250000e+03 6.848298339843750000e+03 1.588804385052399635e+09
6.821484375000000000e+03 6.811887695312500000e+03 6.804564453125000000e+03 6.785666992187500000e+03 1.588804388197489738e+09
6.490437988281250000e+03 6.462409179687500000e+03 6.162054199218750000e+03 6.140004394531250000e+03 1.588804391402636528e+09
6.104084960937500000e+03 6.079511718750000000e+03 5.642247070312500000e+03 5.604583984375000000e+03 1.588804394648255825e+09
5.822931640625000000e+03 5.794949218750000000e+03 6.015898437500000000e+03 5.988711914062500000e+03 1.588804397812690496e+09
6.025719238281250000e+03 5.999305664062500000e+03 6.023151367187500000e+03 5.994461914062500000e+03 1.588804400951310635e+09
5.335213867187500000e+03 5.298403320312500000e+03 5.536676269531250000e+03 5.487697265625000000e+03 1.588804404197539330e+09
5.566146484375000000e+03 5.525246582031250000e+03 5.558125488281250000e+03 5.506104980468750000e+03 1.588804407292562962e+09
5.329822753906250000e+03 5.279785156250000000e+03 5.329681152343750000e+03 5.273338867187500000e+03 1.588804410369746923e+09
5.339714355468750000e+03 5.291556640625000000e+03 5.490426757812500000e+03 5.413391601562500000e+03 1.588804413870842457e+09
5.763726562500000000e+03 5.696888671875000000e+03 5.757171875000000000e+03 5.682081054687500000e+03 1.588804417418918371e+09
5.569487304687500000e+03 5.502100585937500000e+03 5.742481445312500000e+03 5.662889160156250000e+03 1.588804421024995804e+09
6.209648437500000000e+03 6.133094238281250000e+03 6.022617675781250000e+03 5.935814941406250000e+03 1.588804424721111059e+09
5.664104492187500000e+03 5.579837402343750000e+03 5.675141601562500000e+03 5.593686523437500000e+03 1.588804428429621696e+09
5.597434570312500000e+03 5.511622558593750000e+03 5.396002441406250000e+03 5.309331542968750000e+03 1.588804432124938250e+09
5.289047363281250000e+03 5.210514648437500000e+03 5.371012695312500000e+03 5.280406250000000000e+03 1.588804435802008629e+09
5.371081054687500000e+03 5.290810058593750000e+03 5.357248535156250000e+03 5.265837890625000000e+03 1.588804439470616579e+09
5.317475585937500000e+03 5.260159179687500000e+03 5.349433593750000000e+03 5.257832031250000000e+03 1.588804443163501978e+09
5.863892089843750000e+03 5.776474609375000000e+03 5.730644531250000000e+03 5.644000976562500000e+03 1.588804446822261572e+09
5.695089843750000000e+03 5.612590820312500000e+03 5.705550292968750000e+03 5.617309570312500000e+03 1.588804450489935637e+09
5.535248046875000000e+03 5.450664062500000000e+03 5.606416015625000000e+03 5.515064453125000000e+03 1.588804454144956589e+09
5.670645507812500000e+03 5.590576660156250000e+03 5.582452636718750000e+03 5.490505859375000000e+03 1.588804457826256752e+09
5.440502441406250000e+03 5.351963867187500000e+03 5.360667480468750000e+03 5.266110839843750000e+03 1.588804461512229204e+09
5.413830078125000000e+03 5.323718750000000000e+03 5.331257324218750000e+03 5.234718750000000000e+03 1.588804465194332838e+09
5.214950195312500000e+03 5.127724121093750000e+03 5.317192382812500000e+03 5.221358886718750000e+03 1.588804468860115767e+09
5.373118164062500000e+03 5.286154785156250000e+03 5.315069335937500000e+03 5.219622070312500000e+03 1.588804472528536797e+09
5.368378906250000000e+03 5.285042480468750000e+03 5.317889160156250000e+03 5.222226562500000000e+03 1.588804476233597040e+09
5.188999023437500000e+03 5.109039062500000000e+03 5.321595214843750000e+03 5.226916015625000000e+03 1.588804479929624557e+09
5.276164062500000000e+03 5.205732421875000000e+03 5.311103515625000000e+03 5.216232910156250000e+03 1.588804483608704567e+09
5.402187500000000000e+03 5.325064453125000000e+03 5.322497070312500000e+03 5.225157226562500000e+03 1.588804487269957066e+09
5.377964355468750000e+03 5.286827636718750000e+03 5.313373046875000000e+03 5.217553710937500000e+03 1.588804490875801086e+09
5.865354492187500000e+03 5.823450683593750000e+03 5.316944824218750000e+03 5.221460937500000000e+03 1.588804494447968483e+09
5.223812500000000000e+03 5.139288085937500000e+03 5.316129882812500000e+03 5.220833984375000000e+03 1.588804497989885092e+09
5.380759277343750000e+03 5.293244140625000000e+03 5.300644531250000000e+03 5.205225585937500000e+03 1.588804501530328989e+09
5.398788574218750000e+03 5.312759765625000000e+03 5.322480957031250000e+03 5.227011718750000000e+03 1.588804505023242235e+09
5.135312011718750000e+03 5.055549804687500000e+03 5.258596191406250000e+03 5.164933105468750000e+03 1.588804508540554285e+09
5.077992675781250000e+03 4.991101562500000000e+03 5.176288574218750000e+03 5.083117187500000000e+03 1.588804512103144646e+09
5.094916992187500000e+03 5.013020507812500000e+03 5.219940917968750000e+03 5.126955566406250000e+03 1.588804515659040213e+09
5.273183105468750000e+03 5.190020996093750000e+03 5.163101562500000000e+03 5.070567382812500000e+03 1.588804519302813530e+09
5.293774902343750000e+03 5.208049316406250000e+03 5.242135253906250000e+03 5.149912109375000000e+03 1.588804522988009453e+09
5.294130371093750000e+03 5.210382324218750000e+03 5.251351562500000000e+03 5.159392578125000000e+03 1.588804526669153690e+09
5.246802246093750000e+03 5.182300781250000000e+03 5.250712402343750000e+03 5.159839843750000000e+03 1.588804530320107460e+09
5.240808593750000000e+03 5.169071289062500000e+03 5.219554199218750000e+03 5.128492187500000000e+03 1.588804533967880964e+09
5.252861328125000000e+03 5.186514648437500000e+03 5.136660644531250000e+03 5.047205078125000000e+03 1.588804537637645483e+09
5.206262695312500000e+03 5.129445312500000000e+03 5.130985351562500000e+03 5.041218261718750000e+03 1.588804541282086372e+09
5.212192871093750000e+03 5.134359863281250000e+03 5.128328613281250000e+03 5.039727050781250000e+03 1.588804544952651978e+09
5.259128906250000000e+03 5.177464843750000000e+03 5.160401855468750000e+03 5.071015625000000000e+03 1.588804548618776798e+09
5.672183593750000000e+03 5.590534179687500000e+03 5.801742675781250000e+03 5.711350585937500000e+03 1.588804552293277264e+09
5.141683105468750000e+03 5.055626953125000000e+03 5.047317382812500000e+03 4.952987792968750000e+03 1.588804555967627525e+09
4.712270996093750000e+03 4.634840820312500000e+03 4.798318847656250000e+03 4.705574218750000000e+03 1.588804559649617434e+09
4.730422363281250000e+03 4.653901855468750000e+03 4.818546875000000000e+03 4.726875000000000000e+03 1.588804563325592279e+09
4.870511718750000000e+03 4.790909667968750000e+03 4.821166015625000000e+03 4.730470703125000000e+03 1.588804567023754835e+09
4.853241210937500000e+03 4.772510253906250000e+03 4.801058105468750000e+03 4.710847167968750000e+03 1.588804570709106684e+09
4.693161132812500000e+03 4.602298828125000000e+03 4.674417480468750000e+03 4.583310546875000000e+03 1.588804574372854948e+09
4.876004882812500000e+03 4.791628906250000000e+03 4.787983398437500000e+03 4.695289062500000000e+03 1.588804578077916622e+09
4.668703125000000000e+03 4.585432128906250000e+03 4.794927734375000000e+03 4.701058105468750000e+03 1.588804581766007900e+09
4.704256347656250000e+03 4.621659179687500000e+03 4.798265625000000000e+03 4.705100585937500000e+03 1.588804585461843491e+09
4.698275878906250000e+03 4.622072265625000000e+03 4.784046386718750000e+03 4.692668945312500000e+03 1.588804589140343189e+09
4.672116699218750000e+03 4.589322753906250000e+03 4.789208496093750000e+03 4.699318359375000000e+03 1.588804592823603392e+09
4.680685546875000000e+03 4.601520507812500000e+03 4.790006347656250000e+03 4.700065429687500000e+03 1.588804596507781744e+09
4.848201660156250000e+03 4.768245117187500000e+03 4.800529785156250000e+03 4.712054199218750000e+03 1.588804600193734884e+09
4.815974609375000000e+03 4.742252929687500000e+03 4.780930175781250000e+03 4.693089355468750000e+03 1.588804603868274450e+09
4.841180175781250000e+03 4.763791992187500000e+03 4.792557128906250000e+03 4.705166015625000000e+03 1.588804608122515678e+09
4.667538085937500000e+03 4.591872070312500000e+03 4.764585937500000000e+03 4.678446777343750000e+03 1.588804612371525049e+09
4.836716796875000000e+03 4.760454101562500000e+03 4.787575195312500000e+03 4.702204101562500000e+03 1.588804616610725164e+09
4.654746582031250000e+03 4.585650390625000000e+03 4.784244140625000000e+03 4.698946289062500000e+03 1.588804620829735279e+09
4.693358886718750000e+03 4.618961914062500000e+03 4.765046386718750000e+03 4.682053710937500000e+03 1.588804625073622942e+09
4.856464843750000000e+03 4.781032226562500000e+03 4.780551269531250000e+03 4.697163085937500000e+03 1.588804629315097332e+09
4.495530761718750000e+03 4.423445800781250000e+03 4.566831054687500000e+03 4.483247558593750000e+03 1.588804633557497263e+09
4.540429199218750000e+03 4.466891601562500000e+03 4.479416503906250000e+03 4.393651855468750000e+03 1.588804637789780855e+09
5.066025390625000000e+03 5.017963867187500000e+03 4.435383300781250000e+03 4.351286621093750000e+03 1.588804642022316456e+09
4.468434570312500000e+03 4.395945312500000000e+03 4.451896972656250000e+03 4.368679687500000000e+03 1.588804646277079344e+09
4.550769042968750000e+03 4.446328613281250000e+03 4.491312500000000000e+03 4.389684570312500000e+03 1.588804650493361712e+09
4.412048339843750000e+03 4.323745117187500000e+03 4.499624023437500000e+03 4.400797363281250000e+03 1.588804654747297525e+09
4.406429687500000000e+03 4.320901855468750000e+03 4.532254882812500000e+03 4.436932128906250000e+03 1.588804658994802237e+09
4.382362792968750000e+03 4.301470703125000000e+03 4.500143554687500000e+03 4.403558593750000000e+03 1.588804663094732285e+09
4.476934082031250000e+03 4.388591796875000000e+03 4.509945312500000000e+03 4.413250000000000000e+03 1.588804666699660301e+09
4.459838378906250000e+03 4.372108398437500000e+03 4.495986816406250000e+03 4.401061523437500000e+03 1.588804670273422480e+09
4.476920898437500000e+03 4.391535156250000000e+03 4.503011230468750000e+03 4.408572265625000000e+03 1.588804673833848238e+09
4.455025878906250000e+03 4.368956054687500000e+03 4.494975097656250000e+03 4.402952148437500000e+03 1.588804677393923521e+09
4.446150878906250000e+03 4.365361816406250000e+03 4.497222656250000000e+03 4.404815429687500000e+03 1.588804680971831083e+09
4.390111816406250000e+03 4.307882812500000000e+03 4.487018554687500000e+03 4.393967773437500000e+03 1.588804684535020828e+09
4.458407714843750000e+03 4.377442382812500000e+03 4.481198730468750000e+03 4.389387695312500000e+03 1.588804688098827600e+09
4.384713867187500000e+03 4.300016113281250000e+03 4.477937500000000000e+03 4.386797851562500000e+03 1.588804691667659044e+09
4.471468261718750000e+03 4.394340332031250000e+03 4.480387207031250000e+03 4.391650878906250000e+03 1.588804694791409969e+09
4.416567382812500000e+03 4.336527832031250000e+03 4.513004394531250000e+03 4.424664062500000000e+03 1.588804698127705336e+09
4.468562011718750000e+03 4.394036132812500000e+03 4.493706542968750000e+03 4.407567871093750000e+03 1.588804701821868658e+09
4.487159179687500000e+03 4.408364257812500000e+03 4.506495605468750000e+03 4.420576171875000000e+03 1.588804705522060394e+09
4.502059570312500000e+03 4.405834960937500000e+03 4.504960937500000000e+03 4.420691894531250000e+03 1.588804709216340065e+09
4.452404785156250000e+03 4.377155273437500000e+03 4.476549316406250000e+03 4.392455078125000000e+03 1.588804712904500961e+09
4.458061035156250000e+03 4.383605468750000000e+03 4.481750000000000000e+03 4.396780273437500000e+03 1.588804716587584019e+09
4.484081054687500000e+03 4.407278808593750000e+03 4.503403320312500000e+03 4.419939453125000000e+03 1.588804720291424036e+09
4.451577636718750000e+03 4.368359375000000000e+03 4.498990722656250000e+03 4.414710937500000000e+03 1.588804723985366106e+09
4.478826171875000000e+03 4.411198242187500000e+03 4.482632812500000000e+03 4.401300292968750000e+03 1.588804727650717258e+09
4.359444824218750000e+03 4.281658203125000000e+03 4.465510253906250000e+03 4.383175781250000000e+03 1.588804731341860533e+09
4.445191894531250000e+03 4.372861328125000000e+03 4.467034667968750000e+03 4.387438964843750000e+03 1.588804735017930269e+09
4.461206054687500000e+03 4.400144531250000000e+03 4.477626953125000000e+03 4.399214843750000000e+03 1.588804738723919868e+09
4.715908691406250000e+03 4.643125000000000000e+03 4.905231933593750000e+03 4.824205078125000000e+03 1.588804742411413193e+09
4.826471679687500000e+03 4.754923828125000000e+03 4.846678222656250000e+03 4.767839843750000000e+03 1.588804746116602421e+09
4.643775390625000000e+03 4.575779296875000000e+03 4.839350097656250000e+03 4.763409667968750000e+03 1.588804749801564217e+09
4.669926757812500000e+03 4.616856933593750000e+03 4.884324707031250000e+03 4.813440429687500000e+03 1.588804753483850718e+09
4.819993164062500000e+03 4.758271972656250000e+03 4.843800781250000000e+03 4.772835937500000000e+03 1.588804757184179544e+09
4.832574707031250000e+03 4.769104003906250000e+03 4.848623046875000000e+03 4.779909667968750000e+03 1.588804760883824348e+09
4.873155273437500000e+03 4.817389648437500000e+03 4.861368652343750000e+03 4.794813964843750000e+03 1.588804764577655077e+09
4.842609863281250000e+03 4.787944335937500000e+03 4.852608398437500000e+03 4.784753417968750000e+03 1.588804768280179501e+09
4.821775390625000000e+03 4.765355468750000000e+03 4.840666015625000000e+03 4.775428710937500000e+03 1.588804771973429203e+09
4.850438964843750000e+03 4.799194824218750000e+03 4.865921875000000000e+03 4.803679687500000000e+03 1.588804775680584431e+09
4.855103515625000000e+03 4.804508789062500000e+03 4.860983886718750000e+03 4.800169433593750000e+03 1.588804779398015499e+09
