7.009281250000000000e+03 6.994991210937500000e+03 6.874243652343750000e+03 6.860539550781250000e+03 1.588786269374110937e+09
5.457033203125000000e+03 5.411173339843750000e+03 5.320255859375000000e+03 5.266444335937500000e+03 1.588786283203906298e+09
5.271564453125000000e+03 5.214180175781250000e+03 5.269233398437500000e+03 5.204945800781250000e+03 1.588786297068820000e+09
5.255758300781250000e+03 5.192918457031250000e+03 5.252903320312500000e+03 5.183769531250000000e+03 1.588786311147005796e+09
5.115898925781250000e+03 5.049017089843750000e+03 5.100847167968750000e+03 5.028125000000000000e+03 1.588786325033250570e+09
4.892730957031250000e+03 4.822373046875000000e+03 4.882920898437500000e+03 4.806150390625000000e+03 1.588786338683615446e+09
4.832209472656250000e+03 4.760219238281250000e+03 4.823748535156250000e+03 4.745108398437500000e+03 1.588786353074787855e+09
4.743445312500000000e+03 4.670734375000000000e+03 4.744200195312500000e+03 4.664792968750000000e+03 1.588786366349597216e+09
4.645613281250000000e+03 4.570764648437500000e+03 4.637053222656250000e+03 4.555642578125000000e+03 1.588786379342799902e+09
4.642044433593750000e+03 4.566421875000000000e+03 4.638390136718750000e+03 4.556157226562500000e+03 1.588786392342675447e+09
4.639518066406250000e+03 4.563623046875000000e+03 4.637644042968750000e+03 4.555209960937500000e+03 1.588786405823813438e+09
4.510088378906250000e+03 4.432928222656250000e+03 4.502185058593750000e+03 4.418486816406250000e+03 1.588786419759583235e+09
4.479448242187500000e+03 4.401081542968750000e+03 4.472706054687500000e+03 4.387719726562500000e+03 1.588786433238974094e+09
4.477559082031250000e+03 4.399229003906250000e+03 4.473896484375000000e+03 4.388996093750000000e+03 1.588786446587049246e+09
4.474830078125000000e+03 4.396468261718750000e+03 4.472147460937500000e+03 4.387049804687500000e+03 1.588786459601022720e+09
4.476821289062500000e+03 4.398548339843750000e+03 4.474987304687500000e+03 4.389987304687500000e+03 1.588786473088308334e+09
4.475413085937500000e+03 4.397541015625000000e+03 4.472887695312500000e+03 4.388105957031250000e+03 1.588786486993820429e+09
4.474778320312500000e+03 4.396387207031250000e+03 4.473545410156250000e+03 4.388468750000000000e+03 1.588786500478806496e+09
4.475829101562500000e+03 4.397769531250000000e+03 4.474474609375000000e+03 4.389616699218750000e+03 1.588786514050407648e+09
4.473596191406250000e+03 4.395366210937500000e+03 4.472205078125000000e+03 4.387302246093750000e+03 1.588786528235178232e+09
4.473868164062500000e+03 4.395859375000000000e+03 4.473453125000000000e+03 4.388668945312500000e+03 1.588786542442907095e+09
4.472931152343750000e+03 4.394569335937500000e+03 4.472459960937500000e+03 4.387382324218750000e+03 1.588786556414968252e+09
4.473014160156250000e+03 4.394896972656250000e+03 4.472903808593750000e+03 4.388113281250000000e+03 1.588786570283501625e+09
4.469103027343750000e+03 4.391267089843750000e+03 4.470424316406250000e+03 4.385828125000000000e+03 1.588786583580034733e+09
4.478281250000000000e+03 4.401184082031250000e+03 4.475353027343750000e+03 4.391372070312500000e+03 1.588786597039398432e+09
4.474605468750000000e+03 4.396051757812500000e+03 4.473748046875000000e+03 4.388523437500000000e+03 1.588786610779808521e+09
