7.038017578125000000e+03 7.022170898437500000e+03 7.072315429687500000e+03 7.029782714843750000e+03 1.588802858467694044e+09
6.860506835937500000e+03 6.842399414062500000e+03 6.876479003906250000e+03 6.853131835937500000e+03 1.588802861908819914e+09
6.686432128906250000e+03 6.660697265625000000e+03 5.972672851562500000e+03 5.940646484375000000e+03 1.588802865488783121e+09
5.630635742187500000e+03 5.587032226562500000e+03 5.528304199218750000e+03 5.479828125000000000e+03 1.588802869075961351e+09
5.297663085937500000e+03 5.250290039062500000e+03 5.177045898437500000e+03 5.113911132812500000e+03 1.588802872650036573e+09
6.498692871093750000e+03 6.438466796875000000e+03 6.613633789062500000e+03 6.540109375000000000e+03 1.588802876341394901e+09
5.877460449218750000e+03 5.811102539062500000e+03 5.745799316406250000e+03 5.669968750000000000e+03 1.588802880021080732e+09
5.462270019531250000e+03 5.391289062500000000e+03 5.431427734375000000e+03 5.353296875000000000e+03 1.588802883665538788e+09
5.485287597656250000e+03 5.413677734375000000e+03 5.500098632812500000e+03 5.418588378906250000e+03 1.588802886997067213e+09
5.541192382812500000e+03 5.469490234375000000e+03 5.475655761718750000e+03 5.393351562500000000e+03 1.588802890341872215e+09
5.944948730468750000e+03 5.867053710937500000e+03 6.042982421875000000e+03 5.955291503906250000e+03 1.588802893742163897e+09
5.815628417968750000e+03 5.750993164062500000e+03 5.983552734375000000e+03 5.896794921875000000e+03 1.588802897198644161e+09
6.240837402343750000e+03 6.177717773437500000e+03 5.990934082031250000e+03 5.907877441406250000e+03 1.588802900637651443e+09
5.752063476562500000e+03 5.691794921875000000e+03 5.976079589843750000e+03 5.894512207031250000e+03 1.588802904320752382e+09
5.897614257812500000e+03 5.824490234375000000e+03 5.958798339843750000e+03 5.877447753906250000e+03 1.588802907997379303e+09
5.828887207031250000e+03 5.770732421875000000e+03 5.939839843750000000e+03 5.857899414062500000e+03 1.588802911704661846e+09
5.804271484375000000e+03 5.745536132812500000e+03 5.909037597656250000e+03 5.827132324218750000e+03 1.588802915386339664e+09
5.911448730468750000e+03 5.835849609375000000e+03 5.753694335937500000e+03 5.670623046875000000e+03 1.588802919038731813e+09
5.876606933593750000e+03 5.803059570312500000e+03 5.488544921875000000e+03 5.410710937500000000e+03 1.588802922691947222e+09
5.684139648437500000e+03 5.605671386718750000e+03 5.372424804687500000e+03 5.291686035156250000e+03 1.588802926349767923e+09
5.269588378906250000e+03 5.188558593750000000e+03 5.440148437500000000e+03 5.359143066406250000e+03 1.588802929756629467e+09
5.445933593750000000e+03 5.370080078125000000e+03 5.434211914062500000e+03 5.351433593750000000e+03 1.588802933377048492e+09
5.369395996093750000e+03 5.292740234375000000e+03 5.297643066406250000e+03 5.213861328125000000e+03 1.588802936976191282e+09
5.359364746093750000e+03 5.282419921875000000e+03 5.330297363281250000e+03 5.247033691406250000e+03 1.588802940592921019e+09
5.246098144531250000e+03 5.171813476562500000e+03 5.301642089843750000e+03 5.217059570312500000e+03 1.588802944172219276e+09
5.456696289062500000e+03 5.379350097656250000e+03 5.287091796875000000e+03 5.202895996093750000e+03 1.588802947701008558e+09
5.180864746093750000e+03 5.105279296875000000e+03 5.184980468750000000e+03 5.100254394531250000e+03 1.588802951245178461e+09
5.283183593750000000e+03 5.209103515625000000e+03 5.278919921875000000e+03 5.193853515625000000e+03 1.588802954617982149e+09
5.311382324218750000e+03 5.233965332031250000e+03 5.297399902343750000e+03 5.211983398437500000e+03 1.588802958000697374e+09
5.117539062500000000e+03 5.040700195312500000e+03 5.126337890625000000e+03 5.040186523437500000e+03 1.588802961377218962e+09
5.044795898437500000e+03 4.965656738281250000e+03 5.129117187500000000e+03 5.043497070312500000e+03 1.588802965013685942e+09
5.441408691406250000e+03 5.354792968750000000e+03 5.118106933593750000e+03 5.034001953125000000e+03 1.588802968763655424e+09
5.107446289062500000e+03 5.034707031250000000e+03 5.150910644531250000e+03 5.066884765625000000e+03 1.588802972540458202e+09
5.108918457031250000e+03 5.037178710937500000e+03 5.120058105468750000e+03 5.036149902343750000e+03 1.588802976303267002e+09
5.074957519531250000e+03 4.997347167968750000e+03 5.106611816406250000e+03 5.023220703125000000e+03 1.588802980094670773e+09
5.084681152343750000e+03 5.007107910156250000e+03 5.107531250000000000e+03 5.023624023437500000e+03 1.588802983896272898e+09
5.023559082031250000e+03 4.938271972656250000e+03 5.101210937500000000e+03 5.018673339843750000e+03 1.588802987466250181e+09
5.128011718750000000e+03 5.050644531250000000e+03 5.145196777343750000e+03 5.062020507812500000e+03 1.588802991020617485e+09
5.094263671875000000e+03 5.018239257812500000e+03 5.105064453125000000e+03 5.022674804687500000e+03 1.588802994561225176e+09
5.103378906250000000e+03 5.028644042968750000e+03 5.092170410156250000e+03 5.010821777343750000e+03 1.588802998099013329e+09
5.466894531250000000e+03 5.385948242187500000e+03 5.468709472656250000e+03 5.380458007812500000e+03 1.588803001711300373e+09
5.239619628906250000e+03 5.160621093750000000e+03 5.369258789062500000e+03 5.281871093750000000e+03 1.588803005397067308e+09
5.283923828125000000e+03 5.205195312500000000e+03 5.333120117187500000e+03 5.246509277343750000e+03 1.588803008986094236e+09
5.156714843750000000e+03 5.082893554687500000e+03 5.235795898437500000e+03 5.150922851562500000e+03 1.588803012282662630e+09
5.416563964843750000e+03 5.327501464843750000e+03 5.324695800781250000e+03 5.239880859375000000e+03 1.588803015486658096e+09
5.220047851562500000e+03 5.143953613281250000e+03 5.274032714843750000e+03 5.190963867187500000e+03 1.588803018712157249e+09
5.174983398437500000e+03 5.101093750000000000e+03 5.324088378906250000e+03 5.241816406250000000e+03 1.588803022070702076e+09
5.284367187500000000e+03 5.209148925781250000e+03 5.273207519531250000e+03 5.192814941406250000e+03 1.588803025670550108e+09
5.317202636718750000e+03 5.244975097656250000e+03 5.361833984375000000e+03 5.282781250000000000e+03 1.588803029262073517e+09
5.138902832031250000e+03 5.065189453125000000e+03 5.310904296875000000e+03 5.231233398437500000e+03 1.588803032862467289e+09
5.415929687500000000e+03 5.376099609375000000e+03 5.038945800781250000e+03 4.959112304687500000e+03 1.588803036451682806e+09
4.962362792968750000e+03 4.890765625000000000e+03 5.068884277343750000e+03 4.991198730468750000e+03 1.588803040048619270e+09
4.729242675781250000e+03 4.661270507812500000e+03 4.818364746093750000e+03 4.740576171875000000e+03 1.588803043625031710e+09
4.752100097656250000e+03 4.685326171875000000e+03 4.806173828125000000e+03 4.729050781250000000e+03 1.588803047234720469e+09
4.865747558593750000e+03 4.814079589843750000e+03 4.722097167968750000e+03 4.645477050781250000e+03 1.588803050809629679e+09
4.694067382812500000e+03 4.627657226562500000e+03 4.746729492187500000e+03 4.670399902343750000e+03 1.588803054393534184e+09
4.587528808593750000e+03 4.520124023437500000e+03 4.735270019531250000e+03 4.661312500000000000e+03 1.588803057945404053e+09
4.682182128906250000e+03 4.616209472656250000e+03 4.739437500000000000e+03 4.667605468750000000e+03 1.588803061548517227e+09
4.657581054687500000e+03 4.600319335937500000e+03 4.731405273437500000e+03 4.660664062500000000e+03 1.588803065095335245e+09
4.569767089843750000e+03 4.510339355468750000e+03 4.725106933593750000e+03 4.656230468750000000e+03 1.588803068677064419e+09
4.570961425781250000e+03 4.522177734375000000e+03 4.722355957031250000e+03 4.655893066406250000e+03 1.588803072263526440e+09
4.692881347656250000e+03 4.641837402343750000e+03 4.710503417968750000e+03 4.645903320312500000e+03 1.588803075836413383e+09
5.601138671875000000e+03 5.578077636718750000e+03 4.716717285156250000e+03 4.654527343750000000e+03 1.588803079421000242e+09
4.550882812500000000e+03 4.500787109375000000e+03 4.685566894531250000e+03 4.625685546875000000e+03 1.588803083011711121e+09
4.490572753906250000e+03 4.439728515625000000e+03 4.643717285156250000e+03 4.585488281250000000e+03 1.588803086630593777e+09
4.443490722656250000e+03 4.397388671875000000e+03 4.623718750000000000e+03 4.568896972656250000e+03 1.588803090218657255e+09
4.643655273437500000e+03 4.600843750000000000e+03 4.681159179687500000e+03 4.627509765625000000e+03 1.588803093827139616e+09
4.705853515625000000e+03 4.671530273437500000e+03 4.603908691406250000e+03 4.553006347656250000e+03 1.588803097412904739e+09
4.505528320312500000e+03 4.468860351562500000e+03 4.587921386718750000e+03 4.540381347656250000e+03 1.588803101006728172e+09
4.492044433593750000e+03 4.454893554687500000e+03 4.595668945312500000e+03 4.551048339843750000e+03 1.588803104600145578e+09
4.532958984375000000e+03 4.500019531250000000e+03 4.586477539062500000e+03 4.544043457031250000e+03 1.588803108197871208e+09
