6.964646484375000000e+03 6.985649902343750000e+03 6.964199218750000000e+03 6.985543457031250000e+03 1.588796865552760839e+09
6.015279785156250000e+03 5.958766601562500000e+03 4.076869873046875000e+03 4.013637695312500000e+03 1.588796888393137932e+09
5.265117187500000000e+03 5.207065429687500000e+03 4.017276611328125000e+03 3.951933349609375000e+03 1.588796899847645283e+09
4.307771972656250000e+03 4.247936035156250000e+03 3.738734619140625000e+03 3.670953613281250000e+03 1.588796911448035955e+09
4.474425292968750000e+03 4.409820312500000000e+03 3.413678466796875000e+03 3.342350585937500000e+03 1.588796922453406811e+09
3.969652099609375000e+03 3.906676269531250000e+03 3.521461669921875000e+03 3.451732910156250000e+03 1.588796933501184702e+09
3.782632812500000000e+03 3.718828125000000000e+03 3.357597900390625000e+03 3.286475830078125000e+03 1.588796944347918272e+09
3.918352294921875000e+03 3.854614990234375000e+03 3.429751953125000000e+03 3.358567382812500000e+03 1.588796955155221462e+09
3.853491210937500000e+03 3.789315917968750000e+03 3.322061035156250000e+03 3.250623779296875000e+03 1.588796966141567945e+09
3.940253906250000000e+03 3.871750488281250000e+03 3.431931884765625000e+03 3.355754882812500000e+03 1.588796977127212286e+09
3.737413085937500000e+03 3.670808105468750000e+03 3.408853759765625000e+03 3.334960937500000000e+03 1.588796988126962185e+09
3.751923583984375000e+03 3.683885498046875000e+03 3.500302978515625000e+03 3.424786621093750000e+03 1.588796998889368057e+09
3.792816162109375000e+03 3.727984375000000000e+03 3.521882324218750000e+03 3.449688964843750000e+03 1.588797009841154814e+09
3.685516601562500000e+03 3.617784912109375000e+03 3.318811767578125000e+03 3.243805664062500000e+03 1.588797020896646500e+09
3.693266113281250000e+03 3.624120605468750000e+03 3.360330566406250000e+03 3.283527343750000000e+03 1.588797031779888868e+09
3.499784667968750000e+03 3.428297363281250000e+03 3.308866699218750000e+03 3.229969726562500000e+03 1.588797042738619328e+09
3.759258544921875000e+03 3.688607666015625000e+03 3.352439697265625000e+03 3.273977294921875000e+03 1.588797053640259981e+09
3.640930908203125000e+03 3.568103271484375000e+03 3.446766601562500000e+03 3.366517822265625000e+03 1.588797064537102222e+09
3.670062011718750000e+03 3.598681884765625000e+03 3.420003173828125000e+03 3.341329101562500000e+03 1.588797075455550194e+09
3.761579589843750000e+03 3.693747314453125000e+03 3.398908447265625000e+03 3.323734375000000000e+03 1.588797086288805723e+09
3.663852050781250000e+03 3.595798339843750000e+03 3.370227783203125000e+03 3.294399414062500000e+03 1.588797097249026299e+09
3.644065429687500000e+03 3.574185302734375000e+03 3.438662109375000000e+03 3.361464355468750000e+03 1.588797108452027559e+09
3.627372802734375000e+03 3.552927490234375000e+03 3.402008300781250000e+03 3.320539550781250000e+03 1.588797119410618305e+09
3.893121093750000000e+03 3.824151123046875000e+03 3.549173095703125000e+03 3.472650146484375000e+03 1.588797130375538111e+09
3.665647949218750000e+03 3.594013916015625000e+03 3.461713378906250000e+03 3.382695800781250000e+03 1.588797141326301336e+09
3.672789550781250000e+03 3.603604980468750000e+03 3.365917236328125000e+03 3.289282226562500000e+03 1.588797152256920815e+09
3.610259277343750000e+03 3.538716552734375000e+03 3.425891601562500000e+03 3.346505859375000000e+03 1.588797163293011427e+09
3.710192382812500000e+03 3.639353759765625000e+03 3.531357421875000000e+03 3.453037841796875000e+03 1.588797174264991999e+09
3.595432373046875000e+03 3.524548583984375000e+03 3.336898437500000000e+03 3.258786132812500000e+03 1.588797185152280331e+09
3.598888671875000000e+03 3.527805908203125000e+03 3.450029541015625000e+03 3.371466064453125000e+03 1.588797196184875011e+09
3.636114990234375000e+03 3.567166259765625000e+03 3.437185791015625000e+03 3.360143554687500000e+03 1.588797206809056759e+09
