6.942965332031250000e+03 6.935963378906250000e+03 7.001107910156250000e+03 6.972411621093750000e+03 1.588803550278421879e+09
7.808000000000000000e+03 7.805612792968750000e+03 6.997071777343750000e+03 6.995462890625000000e+03 1.588803553706978321e+09
6.989223144531250000e+03 6.985241699218750000e+03 7.084712402343750000e+03 7.077126464843750000e+03 1.588803557044618130e+09
4.959862109375000000e+04 4.958248828125000000e+04 6.984555664062500000e+03 6.985845703125000000e+03 1.588803560364934921e+09
6.987858398437500000e+03 6.977314453125000000e+03 6.984583496093750000e+03 6.985845703125000000e+03 1.588803563360759974e+09
6.984611816406250000e+03 6.985845703125000000e+03 6.984611816406250000e+03 6.985845703125000000e+03 1.588803566392536402e+09
6.895514648437500000e+03 6.894677246093750000e+03 6.984602050781250000e+03 6.985845703125000000e+03 1.588803569434250593e+09
6.984500000000000000e+03 6.985845703125000000e+03 6.984500000000000000e+03 6.985845703125000000e+03 1.588803572433853388e+09
6.984301757812500000e+03 6.985845703125000000e+03 6.555133300781250000e+03 6.544411621093750000e+03 1.588803575487240791e+09
6.537170898437500000e+03 6.522574218750000000e+03 6.504316406250000000e+03 6.492609375000000000e+03 1.588803578533692360e+09
6.567870117187500000e+03 6.558407714843750000e+03 6.531182617187500000e+03 6.519018066406250000e+03 1.588803581553948641e+09
7.048572753906250000e+03 7.041168945312500000e+03 6.518929199218750000e+03 6.505758789062500000e+03 1.588803584602485180e+09
6.511015625000000000e+03 6.497120117187500000e+03 6.510334472656250000e+03 6.496152343750000000e+03 1.588803587703884602e+09
6.499007812500000000e+03 6.485474609375000000e+03 6.511018066406250000e+03 6.496568847656250000e+03 1.588803590733202696e+09
6.983527343750000000e+03 6.985845703125000000e+03 6.960352539062500000e+03 6.944623046875000000e+03 1.588803593787415028e+09
6.828204589843750000e+03 6.821611328125000000e+03 6.885435546875000000e+03 6.870154296875000000e+03 1.588803596864547729e+09
6.906284179687500000e+03 6.883852539062500000e+03 6.863638183593750000e+03 6.844294921875000000e+03 1.588803599921830416e+09
6.871439453125000000e+03 6.852587402343750000e+03 6.863373535156250000e+03 6.843443359375000000e+03 1.588803602988355160e+09
6.801963867187500000e+03 6.776521484375000000e+03 6.823030761718750000e+03 6.796319824218750000e+03 1.588803606156657934e+09
6.401049804687500000e+03 6.378013671875000000e+03 6.396894042968750000e+03 6.370677734375000000e+03 1.588803609370552540e+09
6.580673339843750000e+03 6.570719726562500000e+03 6.073051757812500000e+03 6.046864257812500000e+03 1.588803612462770939e+09
6.530140136718750000e+03 6.518689453125000000e+03 6.087401855468750000e+03 6.057987304687500000e+03 1.588803615641189098e+09
6.073624511718750000e+03 6.044809082031250000e+03 6.066346679687500000e+03 6.035254882812500000e+03 1.588803618872715712e+09
6.070747558593750000e+03 6.042372558593750000e+03 6.065392089843750000e+03 6.033553710937500000e+03 1.588803622084915876e+09
6.056802734375000000e+03 6.027797851562500000e+03 6.060859375000000000e+03 6.028458984375000000e+03 1.588803625343555927e+09
6.045663085937500000e+03 6.015161132812500000e+03 6.044382324218750000e+03 6.011733398437500000e+03 1.588803628558169127e+09
6.527587890625000000e+03 6.515442382812500000e+03 6.069921875000000000e+03 6.036696289062500000e+03 1.588803631770332575e+09
6.097007324218750000e+03 6.065008789062500000e+03 6.102660156250000000e+03 6.069445312500000000e+03 1.588803634973606348e+09
6.072922851562500000e+03 6.040683105468750000e+03 6.053362792968750000e+03 6.018339355468750000e+03 1.588803638174592257e+09
6.048402343750000000e+03 6.016554687500000000e+03 6.041238281250000000e+03 6.005651367187500000e+03 1.588803641377981424e+09
6.047159179687500000e+03 6.012389160156250000e+03 6.050598632812500000e+03 6.014345703125000000e+03 1.588803644632298946e+09
6.050718750000000000e+03 6.020409667968750000e+03 6.055463378906250000e+03 6.019388671875000000e+03 1.588803647829513550e+09
6.074366210937500000e+03 6.033742187500000000e+03 6.035672851562500000e+03 6.000528808593750000e+03 1.588803651059230804e+09
6.505096679687500000e+03 6.477817382812500000e+03 6.051859863281250000e+03 6.015825195312500000e+03 1.588803654253033638e+09
6.064705078125000000e+03 6.031333496093750000e+03 6.058772949218750000e+03 6.022331542968750000e+03 1.588803657450878620e+09
6.058627441406250000e+03 6.023122558593750000e+03 6.059344726562500000e+03 6.022770507812500000e+03 1.588803660645421028e+09
6.047477050781250000e+03 6.013059570312500000e+03 6.045726562500000000e+03 6.009062988281250000e+03 1.588803663857300043e+09
6.510619628906250000e+03 6.496344726562500000e+03 6.050625488281250000e+03 6.014014648437500000e+03 1.588803667055395126e+09
6.523785644531250000e+03 6.514353515625000000e+03 6.055625000000000000e+03 6.019111816406250000e+03 1.588803670260384321e+09
6.516160644531250000e+03 6.501562011718750000e+03 6.054297851562500000e+03 6.017849609375000000e+03 1.588803673455624819e+09
6.060078613281250000e+03 6.026266601562500000e+03 6.066878417968750000e+03 6.030528320312500000e+03 1.588803676667577505e+09
6.058393066406250000e+03 6.024451660156250000e+03 6.056956542968750000e+03 6.020699707031250000e+03 1.588803679895023584e+09
6.634689941406250000e+03 6.613720214843750000e+03 6.634868652343750000e+03 6.613572265625000000e+03 1.588803683133133411e+09
6.360256835937500000e+03 6.339909179687500000e+03 6.346360839843750000e+03 6.323426269531250000e+03 1.588803686209096670e+09
6.305004882812500000e+03 6.274374511718750000e+03 6.433723144531250000e+03 6.412192382812500000e+03 1.588803689303093672e+09
5.925705566406250000e+03 5.895723632812500000e+03 6.334274414062500000e+03 6.312134765625000000e+03 1.588803692399375200e+09
5.917176269531250000e+03 5.888468261718750000e+03 6.341202636718750000e+03 6.319579101562500000e+03 1.588803695539222956e+09
5.916150878906250000e+03 5.882588378906250000e+03 5.898650878906250000e+03 5.862849609375000000e+03 1.588803698724355698e+09
5.936351074218750000e+03 5.902336914062500000e+03 5.914303710937500000e+03 5.877711914062500000e+03 1.588803701910182953e+09
6.329030273437500000e+03 6.313875976562500000e+03 5.882235351562500000e+03 5.845754394531250000e+03 1.588803705125385046e+09
5.914573730468750000e+03 5.878041992187500000e+03 5.910858886718750000e+03 5.873104980468750000e+03 1.588803708345549583e+09
5.880194824218750000e+03 5.847377441406250000e+03 5.874230957031250000e+03 5.836979492187500000e+03 1.588803711556667089e+09
5.886096191406250000e+03 5.850157714843750000e+03 5.874183593750000000e+03 5.836180664062500000e+03 1.588803714820958614e+09
5.889367675781250000e+03 5.854482421875000000e+03 5.870825195312500000e+03 5.833070312500000000e+03 1.588803718068757772e+09
5.712629882812500000e+03 5.675670410156250000e+03 5.708785156250000000e+03 5.670319335937500000e+03 1.588803721324623823e+09
5.697874023437500000e+03 5.660257812500000000e+03 5.701028320312500000e+03 5.662363769531250000e+03 1.588803724556346416e+09
5.727030273437500000e+03 5.690643554687500000e+03 5.729209960937500000e+03 5.690922363281250000e+03 1.588803727809294939e+09
6.080315429687500000e+03 6.048529296875000000e+03 6.075354492187500000e+03 6.038670898437500000e+03 1.588803731049962282e+09
6.408384277343750000e+03 6.382849609375000000e+03 6.408458496093750000e+03 6.382667968750000000e+03 1.588803734188516855e+09
5.931131347656250000e+03 5.896499023437500000e+03 6.320515625000000000e+03 6.295339355468750000e+03 1.588803737316495180e+09
5.930232421875000000e+03 5.894166015625000000e+03 5.678312988281250000e+03 5.637230468750000000e+03 1.588803740522412300e+09
6.065333007812500000e+03 6.030543945312500000e+03 6.066668945312500000e+03 6.029666992187500000e+03 1.588803743718705177e+09
1.281802734375000000e+04 1.280802832031250000e+04 5.924976074218750000e+03 5.886876953125000000e+03 1.588803746943233252e+09
6.550184570312500000e+03 6.535473632812500000e+03 5.902217285156250000e+03 5.863134765625000000e+03 1.588803750150718927e+09
6.519270507812500000e+03 6.507133789062500000e+03 5.875435058593750000e+03 5.836905273437500000e+03 1.588803753348421574e+09
5.877357421875000000e+03 5.840885742187500000e+03 5.870863769531250000e+03 5.832444335937500000e+03 1.588803756532414675e+09
5.872214843750000000e+03 5.835796386718750000e+03 5.871458007812500000e+03 5.832781738281250000e+03 1.588803759764347792e+09
5.866781250000000000e+03 5.828595703125000000e+03 5.865799804687500000e+03 5.827357421875000000e+03 1.588803762976242781e+09
5.881773437500000000e+03 5.847765136718750000e+03 5.886214355468750000e+03 5.846815429687500000e+03 1.588803766210739136e+09
5.869450683593750000e+03 5.834246582031250000e+03 5.875188964843750000e+03 5.835779296875000000e+03 1.588803769446351290e+09
5.875652343750000000e+03 5.840143554687500000e+03 5.881753906250000000e+03 5.842482421875000000e+03 1.588803772662612677e+09
5.877143066406250000e+03 5.838392578125000000e+03 5.878202636718750000e+03 5.838307617187500000e+03 1.588803775884716034e+09
5.895682128906250000e+03 5.861521484375000000e+03 5.885716308593750000e+03 5.846555664062500000e+03 1.588803779120066166e+09
5.885197753906250000e+03 5.849087890625000000e+03 5.886689453125000000e+03 5.847371093750000000e+03 1.588803782334086180e+09
5.872230468750000000e+03 5.836954101562500000e+03 5.879338378906250000e+03 5.840245117187500000e+03 1.588803785572409630e+09
5.887195800781250000e+03 5.850177734375000000e+03 5.879369628906250000e+03 5.840179687500000000e+03 1.588803788816400290e+09
5.874362792968750000e+03 5.836553710937500000e+03 5.872615234375000000e+03 5.832686523437500000e+03 1.588803792050728559e+09
5.884859863281250000e+03 5.850042968750000000e+03 5.882322265625000000e+03 5.842058593750000000e+03 1.588803795282790899e+09
5.880188476562500000e+03 5.842201171875000000e+03 5.878016113281250000e+03 5.838653320312500000e+03 1.588803798512892246e+09
5.881272949218750000e+03 5.844364257812500000e+03 5.875863281250000000e+03 5.836454101562500000e+03 1.588803801790825129e+09
5.873453125000000000e+03 5.836266601562500000e+03 5.865892578125000000e+03 5.826251953125000000e+03 1.588803805046141624e+09
5.663377929687500000e+03 5.625699707031250000e+03 5.728611816406250000e+03 5.688690429687500000e+03 1.588803808299086332e+09
5.874543457031250000e+03 5.839736328125000000e+03 5.874739257812500000e+03 5.835342285156250000e+03 1.588803811554598331e+09
5.723949707031250000e+03 5.683814453125000000e+03 5.712891601562500000e+03 5.671767578125000000e+03 1.588803814780929327e+09
5.719566894531250000e+03 5.683050781250000000e+03 5.710571289062500000e+03 5.670339355468750000e+03 1.588803818044658184e+09
6.331903808593750000e+03 6.315341796875000000e+03 5.699126953125000000e+03 5.657932617187500000e+03 1.588803821268212795e+09
5.700988281250000000e+03 5.663906250000000000e+03 5.698950683593750000e+03 5.658059570312500000e+03 1.588803824516858816e+09
6.316590332031250000e+03 6.299490722656250000e+03 5.675273925781250000e+03 5.633772460937500000e+03 1.588803827776656866e+09
5.438838378906250000e+03 5.398268554687500000e+03 5.454805175781250000e+03 5.412483886718750000e+03 1.588803830992806911e+09
5.435192382812500000e+03 5.394010253906250000e+03 5.464091308593750000e+03 5.421198242187500000e+03 1.588803834213072062e+09
5.600144042968750000e+03 5.559578613281250000e+03 5.600003906250000000e+03 5.557666992187500000e+03 1.588803837441785097e+09
5.444641601562500000e+03 5.403043945312500000e+03 5.437487792968750000e+03 5.394054199218750000e+03 1.588803840703355789e+09
5.436779785156250000e+03 5.395349609375000000e+03 5.426712402343750000e+03 5.383154296875000000e+03 1.588803843930408716e+09
5.423851074218750000e+03 5.385636718750000000e+03 5.432001953125000000e+03 5.387914062500000000e+03 1.588803847142200232e+09
5.429176757812500000e+03 5.389646484375000000e+03 5.430659179687500000e+03 5.386161132812500000e+03 1.588803850368695021e+09
5.433125976562500000e+03 5.393032714843750000e+03 5.426904296875000000e+03 5.383637695312500000e+03 1.588803853585938454e+09
5.428161621093750000e+03 5.387920410156250000e+03 5.435465332031250000e+03 5.391901855468750000e+03 1.588803856818182230e+09
5.438217773437500000e+03 5.399200195312500000e+03 5.446718750000000000e+03 5.403305664062500000e+03 1.588803860046009541e+09
5.450145019531250000e+03 5.412589843750000000e+03 5.434433105468750000e+03 5.390453125000000000e+03 1.588803863252749920e+09
5.441901855468750000e+03 5.400180664062500000e+03 5.433188964843750000e+03 5.389407714843750000e+03 1.588803866486151218e+09
5.450984375000000000e+03 5.410069824218750000e+03 5.439184570312500000e+03 5.396558105468750000e+03 1.588803869806693316e+09
6.065731933593750000e+03 6.027368164062500000e+03 6.073573730468750000e+03 6.032504394531250000e+03 1.588803873044561386e+09
6.102969238281250000e+03 6.063059082031250000e+03 6.106099121093750000e+03 6.064439453125000000e+03 1.588803876247564316e+09
6.071568847656250000e+03 6.032094238281250000e+03 6.072373046875000000e+03 6.030118164062500000e+03 1.588803879469213963e+09
6.056029296875000000e+03 6.016133300781250000e+03 6.048125976562500000e+03 6.006143554687500000e+03 1.588803882706244707e+09
6.052866699218750000e+03 6.012490234375000000e+03 6.057724121093750000e+03 6.015843750000000000e+03 1.588803885934548140e+09
6.077480957031250000e+03 6.040325195312500000e+03 6.073008300781250000e+03 6.031818359375000000e+03 1.588803889180051804e+09
6.066830078125000000e+03 6.031544921875000000e+03 6.060588378906250000e+03 6.020768554687500000e+03 1.588803892438765764e+09
6.056288574218750000e+03 6.017320312500000000e+03 6.055924804687500000e+03 6.015733398437500000e+03 1.588803895681508541e+09
6.519911621093750000e+03 6.503924316406250000e+03 6.065517578125000000e+03 6.025004882812500000e+03 1.588803898902115822e+09
6.058059570312500000e+03 6.019757812500000000e+03 6.055981445312500000e+03 6.015127441406250000e+03 1.588803902142908812e+09
6.043093261718750000e+03 6.005768066406250000e+03 6.054203125000000000e+03 6.014540039062500000e+03 1.588803905353729248e+09
6.057737304687500000e+03 6.018983398437500000e+03 6.058036621093750000e+03 6.018290039062500000e+03 1.588803908572022676e+09
6.053383789062500000e+03 6.016541992187500000e+03 6.058286132812500000e+03 6.018822265625000000e+03 1.588803911822615862e+09
6.053190917968750000e+03 6.021244140625000000e+03 6.054145019531250000e+03 6.015392578125000000e+03 1.588803915061038733e+09
6.039484375000000000e+03 6.005909179687500000e+03 6.046341796875000000e+03 6.008806640625000000e+03 1.588803918298675299e+09
6.017745117187500000e+03 5.987137695312500000e+03 6.044007324218750000e+03 6.007490234375000000e+03 1.588803921532983541e+09
6.526090820312500000e+03 6.511823242187500000e+03 6.063808105468750000e+03 6.025997070312500000e+03 1.588803924772177935e+09
6.080033203125000000e+03 6.045673828125000000e+03 6.070243164062500000e+03 6.033729492187500000e+03 1.588803928045174837e+09
6.070333984375000000e+03 6.035452636718750000e+03 6.067756347656250000e+03 6.031137695312500000e+03 1.588803931297134638e+09
6.068233886718750000e+03 6.035716796875000000e+03 6.066420898437500000e+03 6.030259765625000000e+03 1.588803934524824619e+09
6.028179199218750000e+03 6.001514160156250000e+03 6.041306152343750000e+03 6.005268554687500000e+03 1.588803937760807276e+09
6.045571777343750000e+03 6.009842773437500000e+03 6.047896972656250000e+03 6.009256835937500000e+03 1.588803940998110771e+09
6.058823242187500000e+03 6.022657226562500000e+03 6.061907226562500000e+03 6.023782226562500000e+03 1.588803944236810684e+09
6.087001464843750000e+03 6.047505859375000000e+03 6.052255371093750000e+03 6.014408203125000000e+03 1.588803947477349520e+09
6.071541015625000000e+03 6.037211914062500000e+03 6.070538574218750000e+03 6.034333496093750000e+03 1.588803950728732109e+09
