7.017891113281250000e+03 7.003085449218750000e+03 6.926388671875000000e+03 6.917989746093750000e+03 1.588786957284486294e+09
5.286504394531250000e+03 5.241331054687500000e+03 5.284314941406250000e+03 5.233998046875000000e+03 1.588786970555158615e+09
4.763910156250000000e+03 4.698161132812500000e+03 4.759175781250000000e+03 4.686707519531250000e+03 1.588786983978725910e+09
5.075993652343750000e+03 5.007069335937500000e+03 4.783313476562500000e+03 4.708762695312500000e+03 1.588786997243052959e+09
3.814464599609375000e+03 3.697183593750000000e+03 3.775666992187500000e+03 3.647156250000000000e+03 1.588787010448250294e+09
3.761847412109375000e+03 3.647382568359375000e+03 3.733802001953125000e+03 3.608031250000000000e+03 1.588787023954821587e+09
3.683539794921875000e+03 3.567241210937500000e+03 3.646250244140625000e+03 3.518777587890625000e+03 1.588787037266855717e+09
3.638290527343750000e+03 3.520335693359375000e+03 3.623761718750000000e+03 3.494218750000000000e+03 1.588787050554780245e+09
3.496583740234375000e+03 3.380089111328125000e+03 3.481528320312500000e+03 3.353509765625000000e+03 1.588787063871898651e+09
3.461632080078125000e+03 3.344736083984375000e+03 3.452881103515625000e+03 3.324476806640625000e+03 1.588787077068111181e+09
3.454688232421875000e+03 3.339246582031250000e+03 3.449244384765625000e+03 3.322242431640625000e+03 1.588787090509994745e+09
3.456387207031250000e+03 3.342190673828125000e+03 3.452813476562500000e+03 3.327139160156250000e+03 1.588787104002650023e+09
3.452853271484375000e+03 3.340153320312500000e+03 3.451491210937500000e+03 3.327202636718750000e+03 1.588787117075950384e+09
3.448965576171875000e+03 3.338091064453125000e+03 3.448884277343750000e+03 3.326364990234375000e+03 1.588787130303846121e+09
3.447038085937500000e+03 3.339334228515625000e+03 3.446373046875000000e+03 3.327107421875000000e+03 1.588787143616429806e+09
3.441931884765625000e+03 3.336660644531250000e+03 3.443111816406250000e+03 3.326218017578125000e+03 1.588787156980019093e+09
3.453672607421875000e+03 3.351986816406250000e+03 3.446116210937500000e+03 3.332707519531250000e+03 1.588787170030845404e+09
3.438174072265625000e+03 3.338328613281250000e+03 3.436160400390625000e+03 3.324631103515625000e+03 1.588787183316170216e+09
3.434010253906250000e+03 3.337235107421875000e+03 3.432235107421875000e+03 3.323919921875000000e+03 1.588787197552142859e+09
3.288898193359375000e+03 3.200520507812500000e+03 3.310641357421875000e+03 3.210947753906250000e+03 1.588787214003787518e+09
3.269853759765625000e+03 3.192267578125000000e+03 3.295833496093750000e+03 3.206951660156250000e+03 1.588787227573482037e+09
3.257847900390625000e+03 3.188802978515625000e+03 3.286053710937500000e+03 3.205674316406250000e+03 1.588787240727175236e+09
