7.032353027343750000e+03 7.014419433593750000e+03 7.110017089843750000e+03 7.088991210937500000e+03 1.588785579331796169e+09
5.103219238281250000e+03 5.050278808593750000e+03 5.074977539062500000e+03 5.015393554687500000e+03 1.588785593110240936e+09
5.365772949218750000e+03 5.297881835937500000e+03 4.765853515625000000e+03 4.688327148437500000e+03 1.588785606843684673e+09
4.717611816406250000e+03 4.634412109375000000e+03 4.711150390625000000e+03 4.619612304687500000e+03 1.588785620531484365e+09
4.726701171875000000e+03 4.642705078125000000e+03 4.727446289062500000e+03 4.635154296875000000e+03 1.588785633987426519e+09
4.045409667968750000e+03 3.953599365234375000e+03 4.000898437500000000e+03 3.901394775390625000e+03 1.588785647805786848e+09
3.932417724609375000e+03 3.836734375000000000e+03 3.921459472656250000e+03 3.817519042968750000e+03 1.588785661044025660e+09
3.668398193359375000e+03 3.573528564453125000e+03 3.654931396484375000e+03 3.551696777343750000e+03 1.588785674682007313e+09
3.566407226562500000e+03 3.465875244140625000e+03 3.528856933593750000e+03 3.423002197265625000e+03 1.588785688255505323e+09
3.308666259765625000e+03 3.210030761718750000e+03 3.297449707031250000e+03 3.190331542968750000e+03 1.588785701707954407e+09
3.358140380859375000e+03 3.258260986328125000e+03 3.279115234375000000e+03 3.170830078125000000e+03 1.588785716226414442e+09
3.305012695312500000e+03 3.203102294921875000e+03 3.300382324218750000e+03 3.190018066406250000e+03 1.588785730215222359e+09
3.304203613281250000e+03 3.201836181640625000e+03 3.300666259765625000e+03 3.189930175781250000e+03 1.588785744255551815e+09
3.303199218750000000e+03 3.201035644531250000e+03 3.300296386718750000e+03 3.189603515625000000e+03 1.588785758298218012e+09
3.258602783203125000e+03 3.157323730468750000e+03 3.246922363281250000e+03 3.137180175781250000e+03 1.588785771710912943e+09
3.232589355468750000e+03 3.130346679687500000e+03 3.228052734375000000e+03 3.117286621093750000e+03 1.588785785312165976e+09
3.230902343750000000e+03 3.128256103515625000e+03 3.227304687500000000e+03 3.116014160156250000e+03 1.588785798954790831e+09
3.230257568359375000e+03 3.127285888671875000e+03 3.227326171875000000e+03 3.115930908203125000e+03 1.588785812835975647e+09
3.233491699218750000e+03 3.130285644531250000e+03 3.230365478515625000e+03 3.118590332031250000e+03 1.588785826986696482e+09
3.230657226562500000e+03 3.127507080078125000e+03 3.228007812500000000e+03 3.116272949218750000e+03 1.588785840742731333e+09
3.232914550781250000e+03 3.129455566406250000e+03 3.230539550781250000e+03 3.118560302734375000e+03 1.588785855823755980e+09
3.237068115234375000e+03 3.133458496093750000e+03 3.235262451171875000e+03 3.123089599609375000e+03 1.588785869997870445e+09
3.237066894531250000e+03 3.132764160156250000e+03 3.234569335937500000e+03 3.121733886718750000e+03 1.588785884031580210e+09
3.232323242187500000e+03 3.128401123046875000e+03 3.230826171875000000e+03 3.118352050781250000e+03 1.588785900043806553e+09
3.231612060546875000e+03 3.127759033203125000e+03 3.229267089843750000e+03 3.116865722656250000e+03 1.588785914220984459e+09
3.233119384765625000e+03 3.129097656250000000e+03 3.231496093750000000e+03 3.118966308593750000e+03 1.588785928264344215e+09
