7.029291503906250000e+03 7.010563476562500000e+03 7.072315429687500000e+03 7.029782714843750000e+03 1.588785932000475407e+09
4.992848632812500000e+03 4.935645996093750000e+03 4.795028808593750000e+03 4.731193359375000000e+03 1.588785945222003698e+09
4.608421386718750000e+03 4.542047363281250000e+03 4.604754882812500000e+03 4.531926269531250000e+03 1.588785958630165815e+09
4.571060058593750000e+03 4.499642089843750000e+03 4.590437011718750000e+03 4.513216796875000000e+03 1.588785971678719997e+09
4.550278320312500000e+03 4.478603515625000000e+03 4.563294433593750000e+03 4.485745605468750000e+03 1.588785985102767467e+09
4.225298339843750000e+03 4.136712402343750000e+03 4.217512695312500000e+03 4.121061035156250000e+03 1.588785998175506353e+09
4.190980957031250000e+03 4.099332519531250000e+03 4.185085937500000000e+03 4.085849121093750000e+03 1.588786011199161291e+09
4.046062744140625000e+03 3.951577880859375000e+03 4.055489013671875000e+03 3.953551757812500000e+03 1.588786024627484083e+09
3.854084960937500000e+03 3.758551513671875000e+03 3.796103027343750000e+03 3.692773925781250000e+03 1.588786038583272457e+09
3.769177978515625000e+03 3.672189697265625000e+03 3.751185302734375000e+03 3.646141113281250000e+03 1.588786051883141041e+09
3.611328125000000000e+03 3.514193603515625000e+03 3.589179443359375000e+03 3.484058105468750000e+03 1.588786065059106350e+09
3.505615234375000000e+03 3.407479003906250000e+03 3.484985107421875000e+03 3.378812500000000000e+03 1.588786078689328194e+09
3.439211669921875000e+03 3.338624267578125000e+03 3.417324462890625000e+03 3.308533935546875000e+03 1.588786092120103121e+09
3.458870117187500000e+03 3.357205322265625000e+03 3.448955810546875000e+03 3.339111328125000000e+03 1.588786105188557148e+09
3.427865966796875000e+03 3.325087402343750000e+03 3.421617431640625000e+03 3.310536132812500000e+03 1.588786118837639093e+09
3.427698974609375000e+03 3.324285156250000000e+03 3.422631103515625000e+03 3.311030761718750000e+03 1.588786132226793766e+09
3.428181152343750000e+03 3.325008056640625000e+03 3.424601318359375000e+03 3.313147216796875000e+03 1.588786145367537498e+09
3.428173583984375000e+03 3.324654052734375000e+03 3.423757324218750000e+03 3.312003906250000000e+03 1.588786158784986734e+09
3.428945068359375000e+03 3.324996582031250000e+03 3.425862304687500000e+03 3.313715576171875000e+03 1.588786172466002941e+09
3.428963134765625000e+03 3.325368164062500000e+03 3.425238037109375000e+03 3.313350097656250000e+03 1.588786185522060633e+09
3.428851562500000000e+03 3.325269042968750000e+03 3.426704833984375000e+03 3.314971679687500000e+03 1.588786198721159697e+09
3.426585693359375000e+03 3.323471191406250000e+03 3.423284179687500000e+03 3.311911376953125000e+03 1.588786211945904970e+09
3.428896240234375000e+03 3.324228759765625000e+03 3.426336181640625000e+03 3.313482910156250000e+03 1.588786225402244329e+09
3.425817871093750000e+03 3.321330078125000000e+03 3.423024169921875000e+03 3.310260253906250000e+03 1.588786238965413809e+09
3.428479248046875000e+03 3.323453857421875000e+03 3.425261230468750000e+03 3.311960449218750000e+03 1.588786252501920938e+09
3.429150146484375000e+03 3.324447265625000000e+03 3.426212158203125000e+03 3.313214111328125000e+03 1.588786265661675453e+09
