6.964872558593750000e+03 6.985587402343750000e+03 6.981545898437500000e+03 6.985845703125000000e+03 1.588796476611108780e+09
5.215969726562500000e+03 5.165040527343750000e+03 4.263758789062500000e+03 4.206496093750000000e+03 1.588796501444960833e+09
4.599456542968750000e+03 4.544840820312500000e+03 3.773935546875000000e+03 3.711705078125000000e+03 1.588796513681413174e+09
4.386744140625000000e+03 4.326962890625000000e+03 3.410981933593750000e+03 3.344575195312500000e+03 1.588796526340271473e+09
4.758148925781250000e+03 4.698370117187500000e+03 3.415005371093750000e+03 3.347899902343750000e+03 1.588796538456369162e+09
4.428073730468750000e+03 4.364369140625000000e+03 3.250205078125000000e+03 3.179655761718750000e+03 1.588796551797535658e+09
4.746218750000000000e+03 4.681498535156250000e+03 3.653762695312500000e+03 3.582269042968750000e+03 1.588796565436868906e+09
4.129887207031250000e+03 4.065107421875000000e+03 3.521334228515625000e+03 3.449315673828125000e+03 1.588796577577343464e+09
4.537395996093750000e+03 4.476841308593750000e+03 3.506371582031250000e+03 3.438944335937500000e+03 1.588796589652654409e+09
3.971343261718750000e+03 3.907088134765625000e+03 3.465085693359375000e+03 3.393557128906250000e+03 1.588796601837249279e+09
3.883880615234375000e+03 3.818558105468750000e+03 3.440661132812500000e+03 3.368445312500000000e+03 1.588796613897024393e+09
3.899500488281250000e+03 3.832624267578125000e+03 3.551428222656250000e+03 3.477327392578125000e+03 1.588796625910604477e+09
3.733789794921875000e+03 3.664871826171875000e+03 3.431366943359375000e+03 3.355437500000000000e+03 1.588796637918822765e+09
3.687602539062500000e+03 3.621532226562500000e+03 3.305891845703125000e+03 3.232575439453125000e+03 1.588796649879248857e+09
3.707972412109375000e+03 3.639409179687500000e+03 3.483500488281250000e+03 3.407323242187500000e+03 1.588796662105561972e+09
3.613082763671875000e+03 3.543075439453125000e+03 3.339491943359375000e+03 3.262552734375000000e+03 1.588796674141866446e+09
3.780142089843750000e+03 3.712012939453125000e+03 3.507925781250000000e+03 3.432679687500000000e+03 1.588796687348091125e+09
3.746959716796875000e+03 3.680833740234375000e+03 3.488221923828125000e+03 3.414529296875000000e+03 1.588796699627920628e+09
3.656197021484375000e+03 3.587665039062500000e+03 3.397271972656250000e+03 3.322078369140625000e+03 1.588796711986310959e+09
3.649166259765625000e+03 3.580465576171875000e+03 3.300439697265625000e+03 3.224320312500000000e+03 1.588796723851589918e+09
3.619436523437500000e+03 3.546508300781250000e+03 3.458168945312500000e+03 3.377877441406250000e+03 1.588796736014629841e+09
3.657070556640625000e+03 3.590327392578125000e+03 3.371623779296875000e+03 3.297232910156250000e+03 1.588796748517594337e+09
3.614719238281250000e+03 3.545941894531250000e+03 3.290531494140625000e+03 3.214577636718750000e+03 1.588796760973701239e+09
3.604271240234375000e+03 3.534363769531250000e+03 3.276383544921875000e+03 3.199146484375000000e+03 1.588796773413156033e+09
4.104204589843750000e+03 4.040031738281250000e+03 3.411488525390625000e+03 3.339819824218750000e+03 1.588796786251423836e+09
3.646469726562500000e+03 3.576055664062500000e+03 3.378145507812500000e+03 3.300363281250000000e+03 1.588796798365245342e+09
3.489411865234375000e+03 3.417955322265625000e+03 3.298070556640625000e+03 3.218981689453125000e+03 1.588796810858880520e+09
3.574790283203125000e+03 3.502764892578125000e+03 3.311634277343750000e+03 3.232199218750000000e+03 1.588796823338106632e+09
3.574920166015625000e+03 3.503086181640625000e+03 3.304013671875000000e+03 3.225215332031250000e+03 1.588796835661897659e+09
3.551739257812500000e+03 3.478891113281250000e+03 3.403922851562500000e+03 3.324096679687500000e+03 1.588796847985438108e+09
3.564636474609375000e+03 3.492185791015625000e+03 3.318592285156250000e+03 3.238739257812500000e+03 1.588796860429537773e+09
