7.151215820312500000e+03 7.142739257812500000e+03 6.874243652343750000e+03 6.860539550781250000e+03 1.588803114862599373e+09
7.059523925781250000e+03 7.047169433593750000e+03 6.491580078125000000e+03 6.471758789062500000e+03 1.588803118283532858e+09
6.802203125000000000e+03 6.785056640625000000e+03 7.009672851562500000e+03 6.992936035156250000e+03 1.588803121645956278e+09
6.900099121093750000e+03 6.887911621093750000e+03 6.224217773437500000e+03 6.206089843750000000e+03 1.588803124866831779e+09
6.842843750000000000e+03 6.829596679687500000e+03 6.165786621093750000e+03 6.142996093750000000e+03 1.588803128161649942e+09
6.684605957031250000e+03 6.663816406250000000e+03 6.320836914062500000e+03 6.293669921875000000e+03 1.588803131539873362e+09
6.171861816406250000e+03 6.144182617187500000e+03 6.015397460937500000e+03 5.981218261718750000e+03 1.588803134806210279e+09
6.476452148437500000e+03 6.452763183593750000e+03 6.378900878906250000e+03 6.342428710937500000e+03 1.588803138082814455e+09
5.934802246093750000e+03 5.900411132812500000e+03 5.886567382812500000e+03 5.844817382812500000e+03 1.588803141276836395e+09
5.802572753906250000e+03 5.761972656250000000e+03 5.822680175781250000e+03 5.777500976562500000e+03 1.588803144528530836e+09
5.921372558593750000e+03 5.878796875000000000e+03 5.916963378906250000e+03 5.870685058593750000e+03 1.588803147783626795e+09
5.795219726562500000e+03 5.750089843750000000e+03 5.809584472656250000e+03 5.760112304687500000e+03 1.588803151052480459e+09
5.611194824218750000e+03 5.573161132812500000e+03 5.607061035156250000e+03 5.553867675781250000e+03 1.588803154241338730e+09
5.540249511718750000e+03 5.490355468750000000e+03 5.593960937500000000e+03 5.536822265625000000e+03 1.588803157394857407e+09
5.420845703125000000e+03 5.368990234375000000e+03 5.394465332031250000e+03 5.338957519531250000e+03 1.588803160550345659e+09
5.440576660156250000e+03 5.387732910156250000e+03 5.433692871093750000e+03 5.378436523437500000e+03 1.588803163684012175e+09
5.452986328125000000e+03 5.399245117187500000e+03 5.359324707031250000e+03 5.301707519531250000e+03 1.588803166855588675e+09
4.913019042968750000e+03 4.847681152343750000e+03 4.944123535156250000e+03 4.871189941406250000e+03 1.588803170375220537e+09
4.638897949218750000e+03 4.566533203125000000e+03 4.633178222656250000e+03 4.555483398437500000e+03 1.588803173905178547e+09
4.653727539062500000e+03 4.578955078125000000e+03 4.628675292968750000e+03 4.550051269531250000e+03 1.588803177471708298e+09
4.665182128906250000e+03 4.588888671875000000e+03 4.641914062500000000e+03 4.561673828125000000e+03 1.588803181031806707e+09
4.625848144531250000e+03 4.552162109375000000e+03 4.638747070312500000e+03 4.556893554687500000e+03 1.588803184619879484e+09
4.624949707031250000e+03 4.547151367187500000e+03 4.624411132812500000e+03 4.543254882812500000e+03 1.588803188224099159e+09
4.608567382812500000e+03 4.539653808593750000e+03 4.616020507812500000e+03 4.534166015625000000e+03 1.588803191827894211e+09
4.526904785156250000e+03 4.450771484375000000e+03 4.524645019531250000e+03 4.442473632812500000e+03 1.588803195419743061e+09
4.506529785156250000e+03 4.430232421875000000e+03 4.514358886718750000e+03 4.431854492187500000e+03 1.588803198987742424e+09
4.578355957031250000e+03 4.503515625000000000e+03 4.564372070312500000e+03 4.482290039062500000e+03 1.588803202539938211e+09
4.502814941406250000e+03 4.425950683593750000e+03 4.510594238281250000e+03 4.428052246093750000e+03 1.588803206147629023e+09
4.537353027343750000e+03 4.461068359375000000e+03 4.508704589843750000e+03 4.425586914062500000e+03 1.588803209731945753e+09
4.529576660156250000e+03 4.453300292968750000e+03 4.508408203125000000e+03 4.425471679687500000e+03 1.588803213315896988e+09
4.507928710937500000e+03 4.429244140625000000e+03 4.507833984375000000e+03 4.425313964843750000e+03 1.588803216919829130e+09
4.525771972656250000e+03 4.450333984375000000e+03 4.512985351562500000e+03 4.430340820312500000e+03 1.588803220524125099e+09
4.467818847656250000e+03 4.394481445312500000e+03 4.518179199218750000e+03 4.435079101562500000e+03 1.588803224091864109e+09
4.586435546875000000e+03 4.509008789062500000e+03 4.544133300781250000e+03 4.460207519531250000e+03 1.588803227707680464e+09
4.521845703125000000e+03 4.445759277343750000e+03 4.509675781250000000e+03 4.425860351562500000e+03 1.588803231315715790e+09
4.540293945312500000e+03 4.461410156250000000e+03 4.548006347656250000e+03 4.463067382812500000e+03 1.588803234927845478e+09
4.505000000000000000e+03 4.422857421875000000e+03 4.511388671875000000e+03 4.426142578125000000e+03 1.588803238482531548e+09
4.503069824218750000e+03 4.424890136718750000e+03 4.516564453125000000e+03 4.430984375000000000e+03 1.588803242099421501e+09
4.514885253906250000e+03 4.436815429687500000e+03 4.518366210937500000e+03 4.433324218750000000e+03 1.588803245711583138e+09
4.533729980468750000e+03 4.456152343750000000e+03 4.528059082031250000e+03 4.443506835937500000e+03 1.588803249320341349e+09
4.512928222656250000e+03 4.436751464843750000e+03 4.507572265625000000e+03 4.422897460937500000e+03 1.588803252903845072e+09
4.509814941406250000e+03 4.429359863281250000e+03 4.505312500000000000e+03 4.420764160156250000e+03 1.588803256495112419e+09
4.536874023437500000e+03 4.460063964843750000e+03 4.525684570312500000e+03 4.441208007812500000e+03 1.588803260067793846e+09
4.520808593750000000e+03 4.441712890625000000e+03 4.515916992187500000e+03 4.432057617187500000e+03 1.588803263592070580e+09
4.521020507812500000e+03 4.444376953125000000e+03 4.514502441406250000e+03 4.430865722656250000e+03 1.588803267151667118e+09
5.053904296875000000e+03 4.978196289062500000e+03 5.045928222656250000e+03 4.964985351562500000e+03 1.588803270691234589e+09
4.952555175781250000e+03 4.875187500000000000e+03 5.040844726562500000e+03 4.961352539062500000e+03 1.588803274280173302e+09
4.909677246093750000e+03 4.835931640625000000e+03 4.845465820312500000e+03 4.764557128906250000e+03 1.588803277883723259e+09
4.456033203125000000e+03 4.372774902343750000e+03 4.450372070312500000e+03 4.364683105468750000e+03 1.588803281451823950e+09
4.462477050781250000e+03 4.381893554687500000e+03 4.460113281250000000e+03 4.373440917968750000e+03 1.588803284991221905e+09
4.473509765625000000e+03 4.394325195312500000e+03 4.468308593750000000e+03 4.382203125000000000e+03 1.588803288557058096e+09
4.484091796875000000e+03 4.407315429687500000e+03 4.467640136718750000e+03 4.380584960937500000e+03 1.588803292042163849e+09
4.477070312500000000e+03 4.396340820312500000e+03 4.486007812500000000e+03 4.399264648437500000e+03 1.588803295519762754e+09
4.473965820312500000e+03 4.393844726562500000e+03 4.461449218750000000e+03 4.374981933593750000e+03 1.588803299067941666e+09
4.470271972656250000e+03 4.389965820312500000e+03 4.468726074218750000e+03 4.381732910156250000e+03 1.588803302583796740e+09
4.460334472656250000e+03 4.382625488281250000e+03 4.449811523437500000e+03 4.363641601562500000e+03 1.588803306051536083e+09
4.477003906250000000e+03 4.398338867187500000e+03 4.479641601562500000e+03 4.389775390625000000e+03 1.588803309585239410e+09
4.476471191406250000e+03 4.390207031250000000e+03 4.465621582031250000e+03 4.374222656250000000e+03 1.588803313119713545e+09
4.472621093750000000e+03 4.386321289062500000e+03 4.458878417968750000e+03 4.369181152343750000e+03 1.588803316643641949e+09
4.384168457031250000e+03 4.299152832031250000e+03 4.364668457031250000e+03 4.275606445312500000e+03 1.588803320163896322e+09
4.366364257812500000e+03 4.285887695312500000e+03 4.352187500000000000e+03 4.263694335937500000e+03 1.588803323680194378e+09
4.353026855468750000e+03 4.271631835937500000e+03 4.351974121093750000e+03 4.264489257812500000e+03 1.588803327223003149e+09
4.353843261718750000e+03 4.268876464843750000e+03 4.358833496093750000e+03 4.269593750000000000e+03 1.588803330731915712e+09
4.350634765625000000e+03 4.266767089843750000e+03 4.348905761718750000e+03 4.259934082031250000e+03 1.588803334291893244e+09
4.342304687500000000e+03 4.257712890625000000e+03 4.344911132812500000e+03 4.255751953125000000e+03 1.588803337847839594e+09
4.349060546875000000e+03 4.266401367187500000e+03 4.346921875000000000e+03 4.259061523437500000e+03 1.588803341455942154e+09
4.351639160156250000e+03 4.269466796875000000e+03 4.344663574218750000e+03 4.256708007812500000e+03 1.588803344983823299e+09
4.367446289062500000e+03 4.286726562500000000e+03 4.375910156250000000e+03 4.288404785156250000e+03 1.588803348551734447e+09
4.354222167968750000e+03 4.271129882812500000e+03 4.348374511718750000e+03 4.260384765625000000e+03 1.588803352028168917e+09
4.361936035156250000e+03 4.284890136718750000e+03 4.352348144531250000e+03 4.264075683593750000e+03 1.588803355384017944e+09
4.381530761718750000e+03 4.309079101562500000e+03 4.359104003906250000e+03 4.271618164062500000e+03 1.588803358743690491e+09
4.367601562500000000e+03 4.282802734375000000e+03 4.361698730468750000e+03 4.272987304687500000e+03 1.588803362027827263e+09
4.368102050781250000e+03 4.289194335937500000e+03 4.343668457031250000e+03 4.256286132812500000e+03 1.588803365313325167e+09
4.372117187500000000e+03 4.286670898437500000e+03 4.364113769531250000e+03 4.276234375000000000e+03 1.588803368632194281e+09
4.349991699218750000e+03 4.265446289062500000e+03 4.344581054687500000e+03 4.256479980468750000e+03 1.588803371929543972e+09
4.355048339843750000e+03 4.274705078125000000e+03 4.341870117187500000e+03 4.253995117187500000e+03 1.588803375242643118e+09
4.343218261718750000e+03 4.262946289062500000e+03 4.343399414062500000e+03 4.255600585937500000e+03 1.588803378552460909e+09
4.336500000000000000e+03 4.260286132812500000e+03 4.345467773437500000e+03 4.258703125000000000e+03 1.588803381856488943e+09
4.346671875000000000e+03 4.263284179687500000e+03 4.343661132812500000e+03 4.255960937500000000e+03 1.588803385180413008e+09
4.338160156250000000e+03 4.258567382812500000e+03 4.341661132812500000e+03 4.254590820312500000e+03 1.588803388484618187e+09
4.366783691406250000e+03 4.286166992187500000e+03 4.359312988281250000e+03 4.272697265625000000e+03 1.588803391802231550e+09
4.349756347656250000e+03 4.268565429687500000e+03 4.350130371093750000e+03 4.263784667968750000e+03 1.588803395124098301e+09
4.407280273437500000e+03 4.325188476562500000e+03 4.400104980468750000e+03 4.312675781250000000e+03 1.588803398442005873e+09
4.368911621093750000e+03 4.284309570312500000e+03 4.371285644531250000e+03 4.280500976562500000e+03 1.588803401780081987e+09
4.337209960937500000e+03 4.254664062500000000e+03 4.336940429687500000e+03 4.247255859375000000e+03 1.588803405100697756e+09
4.183027343750000000e+03 4.103626464843750000e+03 4.178365234375000000e+03 4.088616455078125000e+03 1.588803408442600489e+09
4.183832519531250000e+03 4.100015136718750000e+03 4.181286621093750000e+03 4.092620849609375000e+03 1.588803411773845911e+09
4.202384277343750000e+03 4.119657226562500000e+03 4.194721191406250000e+03 4.104706542968750000e+03 1.588803415265881538e+09
4.168413085937500000e+03 4.086504394531250000e+03 4.167243164062500000e+03 4.078861083984375000e+03 1.588803418791893482e+09
4.216441894531250000e+03 4.133109863281250000e+03 4.225152832031250000e+03 4.135906250000000000e+03 1.588803422387837648e+09
4.184847167968750000e+03 4.101430664062500000e+03 4.182253417968750000e+03 4.092100097656250000e+03 1.588803425979157448e+09
4.165963867187500000e+03 4.081760986328125000e+03 4.173538085937500000e+03 4.084968750000000000e+03 1.588803429535814762e+09
4.221463867187500000e+03 4.137975585937500000e+03 4.178488769531250000e+03 4.088837890625000000e+03 1.588803433099627018e+09
4.176235839843750000e+03 4.092687011718750000e+03 4.175120605468750000e+03 4.086137207031250000e+03 1.588803436628042936e+09
4.177482421875000000e+03 4.092054931640625000e+03 4.182061035156250000e+03 4.092203369140625000e+03 1.588803440155537844e+09
4.176433105468750000e+03 4.091029296875000000e+03 4.173711914062500000e+03 4.083778320312500000e+03 1.588803443739756107e+09
4.171520019531250000e+03 4.087092773437500000e+03 4.172340332031250000e+03 4.082928955078125000e+03 1.588803447319234848e+09
4.182020019531250000e+03 4.100039062500000000e+03 4.185944824218750000e+03 4.097102050781250000e+03 1.588803450876182795e+09
4.191215820312500000e+03 4.108762695312500000e+03 4.189415527343750000e+03 4.100875976562500000e+03 1.588803454420094490e+09
4.194330566406250000e+03 4.107153320312500000e+03 4.193624023437500000e+03 4.103615722656250000e+03 1.588803458008223772e+09
4.168451171875000000e+03 4.086141601562500000e+03 4.165170410156250000e+03 4.075964843750000000e+03 1.588803461584141731e+09
4.186453125000000000e+03 4.102119628906250000e+03 4.181928222656250000e+03 4.093187500000000000e+03 1.588803465160080910e+09
4.177902343750000000e+03 4.098019531250000000e+03 4.168935546875000000e+03 4.078898437500000000e+03 1.588803468728116274e+09
4.179104492187500000e+03 4.097480468750000000e+03 4.184743164062500000e+03 4.095208496093750000e+03 1.588803472327663183e+09
4.185538085937500000e+03 4.104926757812500000e+03 4.191093750000000000e+03 4.101514160156250000e+03 1.588803475900038958e+09
4.173507812500000000e+03 4.093512695312500000e+03 4.176405761718750000e+03 4.086521484375000000e+03 1.588803479477011204e+09
4.212907714843750000e+03 4.128888671875000000e+03 4.196882324218750000e+03 4.105203613281250000e+03 1.588803483042040348e+09
4.170646972656250000e+03 4.083078125000000000e+03 4.174768066406250000e+03 4.082803710937500000e+03 1.588803486603942394e+09
4.169609863281250000e+03 4.086231445312500000e+03 4.176242187500000000e+03 4.083588867187500000e+03 1.588803490196341753e+09
4.179303710937500000e+03 4.094090332031250000e+03 4.169559570312500000e+03 4.077630615234375000e+03 1.588803493727535725e+09
4.167354003906250000e+03 4.084681152343750000e+03 4.180241210937500000e+03 4.088502441406250000e+03 1.588803497323999643e+09
4.195672363281250000e+03 4.110420410156250000e+03 4.178532714843750000e+03 4.087391845703125000e+03 1.588803500847953558e+09
4.191312500000000000e+03 4.107571289062500000e+03 4.198280273437500000e+03 4.107436035156250000e+03 1.588803504443580866e+09
4.180275390625000000e+03 4.092306152343750000e+03 4.186482910156250000e+03 4.095386474609375000e+03 1.588803507977001905e+09
4.194057128906250000e+03 4.111026367187500000e+03 4.180236328125000000e+03 4.089535644531250000e+03 1.588803511378802538e+09
4.165519042968750000e+03 4.082250976562500000e+03 4.169191406250000000e+03 4.077535644531250000e+03 1.588803514749491930e+09
4.209112304687500000e+03 4.126787109375000000e+03 4.198677734375000000e+03 4.106817871093750000e+03 1.588803518080878258e+09
4.186694335937500000e+03 4.102738281250000000e+03 4.191478027343750000e+03 4.100187988281250000e+03 1.588803521384788752e+09
4.146496582031250000e+03 4.076791503906250000e+03 4.147832031250000000e+03 4.074684082031250000e+03 1.588803524612844944e+09
4.138761718750000000e+03 4.072110351562500000e+03 4.132400878906250000e+03 4.059664062500000000e+03 1.588803527751668453e+09
4.128978027343750000e+03 4.062205810546875000e+03 4.125304687500000000e+03 4.051260742187500000e+03 1.588803530872932196e+09
4.145602050781250000e+03 4.072981933593750000e+03 4.143559570312500000e+03 4.068317382812500000e+03 1.588803534004117727e+09
4.133285156250000000e+03 4.064196533203125000e+03 4.127510253906250000e+03 4.053421875000000000e+03 1.588803537128882170e+09
4.131673828125000000e+03 4.060267089843750000e+03 4.130267089843750000e+03 4.055798828125000000e+03 1.588803540254517078e+09
4.133755371093750000e+03 4.067143310546875000e+03 4.152910156250000000e+03 4.078979248046875000e+03 1.588803543380480528e+09
4.130803710937500000e+03 4.062854492187500000e+03 4.126215820312500000e+03 4.051832031250000000e+03 1.588803546498840332e+09
