6.964804687500000000e+03 6.985560058593750000e+03 6.951237304687500000e+03 6.985242187500000000e+03 1.588796100148542643e+09
7.855835937500000000e+03 7.799170410156250000e+03 4.046364013671875000e+03 3.983500488281250000e+03 1.588796123675342560e+09
5.240911132812500000e+03 5.190030273437500000e+03 4.350928710937500000e+03 4.292783203125000000e+03 1.588796135491137028e+09
4.868289550781250000e+03 4.808635742187500000e+03 3.743624755859375000e+03 3.677354492187500000e+03 1.588796147565537453e+09
4.597712890625000000e+03 4.537918457031250000e+03 3.507209472656250000e+03 3.440332031250000000e+03 1.588796158497704029e+09
4.102370605468750000e+03 4.040097412109375000e+03 3.555609130859375000e+03 3.486399902343750000e+03 1.588796170920497179e+09
3.916981201171875000e+03 3.850208740234375000e+03 3.412341796875000000e+03 3.338069335937500000e+03 1.588796182781453848e+09
4.229005371093750000e+03 4.167242187500000000e+03 3.680186035156250000e+03 3.611763671875000000e+03 1.588796194184008598e+09
3.997772460937500000e+03 3.935962402343750000e+03 3.605390625000000000e+03 3.536318359375000000e+03 1.588796206408852816e+09
3.935263427734375000e+03 3.869259521484375000e+03 3.415009277343750000e+03 3.341875488281250000e+03 1.588796218466549397e+09
4.126243164062500000e+03 4.063620605468750000e+03 3.672817626953125000e+03 3.603078613281250000e+03 1.588796230599869967e+09
3.798051269531250000e+03 3.730201171875000000e+03 3.558246582031250000e+03 3.483273437500000000e+03 1.588796242716630697e+09
3.896103027343750000e+03 3.831087158203125000e+03 3.514861572265625000e+03 3.442808593750000000e+03 1.588796254813037872e+09
3.681506103515625000e+03 3.613235351562500000e+03 3.338805664062500000e+03 3.263235351562500000e+03 1.588796267039442062e+09
3.640423583984375000e+03 3.571502929687500000e+03 3.336507812500000000e+03 3.260846679687500000e+03 1.588796279063290358e+09
3.763721679687500000e+03 3.695534179687500000e+03 3.416606689453125000e+03 3.340694824218750000e+03 1.588796290768035889e+09
3.882286376953125000e+03 3.816659667968750000e+03 3.509732910156250000e+03 3.436229492187500000e+03 1.588796302815027237e+09
3.989808105468750000e+03 3.923277832031250000e+03 3.819752685546875000e+03 3.746034912109375000e+03 1.588796315588063002e+09
3.697244384765625000e+03 3.626788330078125000e+03 3.508486083984375000e+03 3.430235839843750000e+03 1.588796327726190329e+09
3.741453125000000000e+03 3.672405029296875000e+03 3.328941894531250000e+03 3.252018066406250000e+03 1.588796339963997126e+09
3.724096191406250000e+03 3.655877929687500000e+03 3.326440185546875000e+03 3.250719726562500000e+03 1.588796351718811750e+09
3.643693603515625000e+03 3.572437744140625000e+03 3.413660888671875000e+03 3.334521484375000000e+03 1.588796363489047289e+09
3.801917968750000000e+03 3.734352050781250000e+03 3.623204345703125000e+03 3.547652343750000000e+03 1.588796374411546230e+09
3.473059814453125000e+03 3.401240966796875000e+03 3.274910888671875000e+03 3.195814697265625000e+03 1.588796386712304354e+09
3.717720214843750000e+03 3.648470214843750000e+03 3.522598388671875000e+03 3.445431884765625000e+03 1.588796398924954891e+09
3.537773437500000000e+03 3.467188720703125000e+03 3.317784179687500000e+03 3.239560302734375000e+03 1.588796411087053061e+09
3.518341064453125000e+03 3.445351074218750000e+03 3.392408691406250000e+03 3.312121093750000000e+03 1.588796423434745312e+09
3.539651855468750000e+03 3.466137695312500000e+03 3.420601806640625000e+03 3.339845458984375000e+03 1.588796435653859854e+09
3.662098144531250000e+03 3.592263916015625000e+03 3.425481201171875000e+03 3.347685302734375000e+03 1.588796446444902420e+09
3.445719238281250000e+03 3.371421386718750000e+03 3.264072265625000000e+03 3.182584228515625000e+03 1.588796458774122000e+09
3.496734375000000000e+03 3.422885498046875000e+03 3.373628906250000000e+03 3.292778320312500000e+03 1.588796470999313831e+09
