6.964762207031250000e+03 6.985610351562500000e+03 6.963923828125000000e+03 6.985552246093750000e+03 1.588797212098502874e+09
5.830234375000000000e+03 5.773883789062500000e+03 3.972432373046875000e+03 3.909580566406250000e+03 1.588797236042154789e+09
5.134050292968750000e+03 5.077031250000000000e+03 3.583659423828125000e+03 3.518885253906250000e+03 1.588797248132224798e+09
4.250796386718750000e+03 4.189459472656250000e+03 3.519345214843750000e+03 3.450933837890625000e+03 1.588797260182669163e+09
4.207773925781250000e+03 4.143879394531250000e+03 3.492240966796875000e+03 3.420870605468750000e+03 1.588797272303885937e+09
4.449138183593750000e+03 4.388322265625000000e+03 3.584124267578125000e+03 3.515880371093750000e+03 1.588797284397134542e+09
4.346671875000000000e+03 4.285221679687500000e+03 3.379599609375000000e+03 3.310847656250000000e+03 1.588797296553280354e+09
3.976468017578125000e+03 3.913347656250000000e+03 3.329843750000000000e+03 3.259381591796875000e+03 1.588797308696205139e+09
3.942652343750000000e+03 3.876474853515625000e+03 3.271628173828125000e+03 3.198261474609375000e+03 1.588797320643183470e+09
4.189830078125000000e+03 4.123479492187500000e+03 3.314390380859375000e+03 3.240791015625000000e+03 1.588797332724870205e+09
3.987850341796875000e+03 3.924574707031250000e+03 3.540496826171875000e+03 3.469511474609375000e+03 1.588797344774219275e+09
3.945341796875000000e+03 3.878674072265625000e+03 3.517561767578125000e+03 3.443831787109375000e+03 1.588797356879677296e+09
3.766603027343750000e+03 3.700857666015625000e+03 3.380836914062500000e+03 3.308084472656250000e+03 1.588797369474525452e+09
4.028768554687500000e+03 3.960623046875000000e+03 3.366981445312500000e+03 3.291690429687500000e+03 1.588797383598490477e+09
3.637541748046875000e+03 3.569167968750000000e+03 3.282554931640625000e+03 3.206495849609375000e+03 1.588797397717866182e+09
3.572745849609375000e+03 3.502996826171875000e+03 3.336538818359375000e+03 3.259744384765625000e+03 1.588797411418091536e+09
3.697864990234375000e+03 3.627795166015625000e+03 3.383643554687500000e+03 3.306252441406250000e+03 1.588797423575220823e+09
3.913394287109375000e+03 3.845736083984375000e+03 3.617710693359375000e+03 3.542630615234375000e+03 1.588797435599103689e+09
3.618131835937500000e+03 3.548175537109375000e+03 3.309292236328125000e+03 3.231754882812500000e+03 1.588797447651085377e+09
3.892683593750000000e+03 3.827114013671875000e+03 3.309327636718750000e+03 3.235811035156250000e+03 1.588797459649178028e+09
3.590911132812500000e+03 3.520941162109375000e+03 3.291114257812500000e+03 3.213608398437500000e+03 1.588797471722240925e+09
3.521755615234375000e+03 3.450375244140625000e+03 3.262108398437500000e+03 3.183698242187500000e+03 1.588797483660387754e+09
3.560842041015625000e+03 3.488498046875000000e+03 3.282703857421875000e+03 3.202458251953125000e+03 1.588797495712992668e+09
3.894399169921875000e+03 3.824622314453125000e+03 3.242854003906250000e+03 3.165574707031250000e+03 1.588797507929737806e+09
3.500659667968750000e+03 3.424986816406250000e+03 3.396091064453125000e+03 3.313209960937500000e+03 1.588797519975795031e+09
3.601017333984375000e+03 3.528791992187500000e+03 3.382621337890625000e+03 3.302711425781250000e+03 1.588797532325744390e+09
3.570758300781250000e+03 3.498338134765625000e+03 3.421271240234375000e+03 3.341069824218750000e+03 1.588797544269730091e+09
3.491194824218750000e+03 3.416298095703125000e+03 3.286178710937500000e+03 3.203706054687500000e+03 1.588797556268679619e+09
3.490718750000000000e+03 3.416866210937500000e+03 3.322807128906250000e+03 3.241616943359375000e+03 1.588797568231336594e+09
3.507437988281250000e+03 3.434687988281250000e+03 3.330634277343750000e+03 3.250119873046875000e+03 1.588797580512969255e+09
3.755616699218750000e+03 3.685866699218750000e+03 3.326669921875000000e+03 3.249380859375000000e+03 1.588797594427317619e+09
