6.990373535156250000e+03 6.989566894531250000e+03 6.926388671875000000e+03 6.917989746093750000e+03 1.588803954520394564e+09
7.008009277343750000e+03 7.005160156250000000e+03 7.019549316406250000e+03 7.019827148437500000e+03 1.588803957816395760e+09
7.052689453125000000e+03 7.037029296875000000e+03 7.003707031250000000e+03 6.988025878906250000e+03 1.588803961252512217e+09
7.028941406250000000e+03 7.019271484375000000e+03 6.951056152343750000e+03 6.944957519531250000e+03 1.588803964763381004e+09
6.986630859375000000e+03 6.975616699218750000e+03 6.625433105468750000e+03 6.611823242187500000e+03 1.588803968210890532e+09
6.692536132812500000e+03 6.680683105468750000e+03 6.908041503906250000e+03 6.892609863281250000e+03 1.588803971701253891e+09
6.942638183593750000e+03 6.917603515625000000e+03 6.094515136718750000e+03 6.073291015625000000e+03 1.588803975206234694e+09
6.469148437500000000e+03 6.450542480468750000e+03 5.969952636718750000e+03 5.937810546875000000e+03 1.588803978701253891e+09
7.023976562500000000e+03 7.015310546875000000e+03 6.520031738281250000e+03 6.498796875000000000e+03 1.588803982253810883e+09
6.662057617187500000e+03 6.652342285156250000e+03 5.986339843750000000e+03 5.951057617187500000e+03 1.588803985766711950e+09
7.009036132812500000e+03 7.007581054687500000e+03 7.040985839843750000e+03 7.022385253906250000e+03 1.588803989233634233e+09
6.781291992187500000e+03 6.765842773437500000e+03 6.889361328125000000e+03 6.881664062500000000e+03 1.588803992572805643e+09
7.026628417968750000e+03 7.018404296875000000e+03 6.882875976562500000e+03 6.874514648437500000e+03 1.588803995929165840e+09
7.030976074218750000e+03 7.023320800781250000e+03 6.872412109375000000e+03 6.864074218750000000e+03 1.588803999276602030e+09
6.670326171875000000e+03 6.652810058593750000e+03 6.804797363281250000e+03 6.796597656250000000e+03 1.588804002629516363e+09
7.023606445312500000e+03 7.016401367187500000e+03 6.773929687500000000e+03 6.765435546875000000e+03 1.588804005797672510e+09
7.053269042968750000e+03 7.047365234375000000e+03 6.774696289062500000e+03 6.765743164062500000e+03 1.588804008984195232e+09
6.314654785156250000e+03 6.286743164062500000e+03 6.783894042968750000e+03 6.774183105468750000e+03 1.588804012215707064e+09
6.315014648437500000e+03 6.277003906250000000e+03 6.756839355468750000e+03 6.746814453125000000e+03 1.588804015422195196e+09
6.520764160156250000e+03 6.490448242187500000e+03 6.769966308593750000e+03 6.758461914062500000e+03 1.588804018636880159e+09
6.329463378906250000e+03 6.308935546875000000e+03 6.809487304687500000e+03 6.796442382812500000e+03 1.588804021867861748e+09
6.785247070312500000e+03 6.773588867187500000e+03 6.752521972656250000e+03 6.737635742187500000e+03 1.588804025110981941e+09
6.769374511718750000e+03 6.756750000000000000e+03 6.751870117187500000e+03 6.736596679687500000e+03 1.588804028385974646e+09
6.254972167968750000e+03 6.228055175781250000e+03 6.754193847656250000e+03 6.738804199218750000e+03 1.588804031613277197e+09
6.751586425781250000e+03 6.736272460937500000e+03 6.753977050781250000e+03 6.738439453125000000e+03 1.588804034854059219e+09
6.336462890625000000e+03 6.296276367187500000e+03 6.755511230468750000e+03 6.740021972656250000e+03 1.588804038175744534e+09
6.268426757812500000e+03 6.242770996093750000e+03 6.754384277343750000e+03 6.738864257812500000e+03 1.588804041522127151e+09
5.718070312500000000e+03 5.665625488281250000e+03 6.754773925781250000e+03 6.739291015625000000e+03 1.588804044809405804e+09
6.641769531250000000e+03 6.602164550781250000e+03 6.751031250000000000e+03 6.734163085937500000e+03 1.588804048082199812e+09
6.135869628906250000e+03 6.084164062500000000e+03 6.750279785156250000e+03 6.733879394531250000e+03 1.588804051333612919e+09
6.810298828125000000e+03 6.784878417968750000e+03 6.751887207031250000e+03 6.735881347656250000e+03 1.588804054568331957e+09
6.440609375000000000e+03 6.405515136718750000e+03 6.753239746093750000e+03 6.737106445312500000e+03 1.588804057833367109e+09
6.338646972656250000e+03 6.310003417968750000e+03 6.756781738281250000e+03 6.740763671875000000e+03 1.588804061140888214e+09
6.758394042968750000e+03 6.744839355468750000e+03 6.754895019531250000e+03 6.739136718750000000e+03 1.588804064415154219e+09
6.733156738281250000e+03 6.720533203125000000e+03 6.750399414062500000e+03 6.734657714843750000e+03 1.588804067660338163e+09
5.935808593750000000e+03 5.894612304687500000e+03 6.751589843750000000e+03 6.736087890625000000e+03 1.588804070893245459e+09
6.281774414062500000e+03 6.254903320312500000e+03 6.245747070312500000e+03 6.215805664062500000e+03 1.588804074202326536e+09
6.362836425781250000e+03 6.327363281250000000e+03 5.793323730468750000e+03 5.736316894531250000e+03 1.588804077538194656e+09
6.741942871093750000e+03 6.726911132812500000e+03 5.760184570312500000e+03 5.702290039062500000e+03 1.588804080870309353e+09
6.288032714843750000e+03 6.247770019531250000e+03 5.807476074218750000e+03 5.748829589843750000e+03 1.588804084211884260e+09
5.840914550781250000e+03 5.787218261718750000e+03 5.796119140625000000e+03 5.737073730468750000e+03 1.588804087596793175e+09
6.276932617187500000e+03 6.236181152343750000e+03 5.706261230468750000e+03 5.646368164062500000e+03 1.588804090967426777e+09
5.764350585937500000e+03 5.710994628906250000e+03 5.713908691406250000e+03 5.653537597656250000e+03 1.588804094370420933e+09
5.629534179687500000e+03 5.578375976562500000e+03 5.661111816406250000e+03 5.598935546875000000e+03 1.588804097795875072e+09
6.205141601562500000e+03 6.173850585937500000e+03 5.736459960937500000e+03 5.673074707031250000e+03 1.588804101221436739e+09
6.518791015625000000e+03 6.500045898437500000e+03 5.667058593750000000e+03 5.603557617187500000e+03 1.588804104627532959e+09
5.626410156250000000e+03 5.569090820312500000e+03 5.626354492187500000e+03 5.561739257812500000e+03 1.588804108047584295e+09
5.630313476562500000e+03 5.573102539062500000e+03 5.626509765625000000e+03 5.561250976562500000e+03 1.588804111513676643e+09
5.597293945312500000e+03 5.542340820312500000e+03 5.631030273437500000e+03 5.565977539062500000e+03 1.588804114966895819e+09
5.589252441406250000e+03 5.539908691406250000e+03 5.622403320312500000e+03 5.556470703125000000e+03 1.588804118314187765e+09
5.593441406250000000e+03 5.536507812500000000e+03 5.621061035156250000e+03 5.555445312500000000e+03 1.588804121706596375e+09
6.100677734375000000e+03 6.067017578125000000e+03 5.623789062500000000e+03 5.558255371093750000e+03 1.588804125141874075e+09
5.610591308593750000e+03 5.553506347656250000e+03 5.622932128906250000e+03 5.558115234375000000e+03 1.588804128632755995e+09
5.547467773437500000e+03 5.488821289062500000e+03 5.598960937500000000e+03 5.534995117187500000e+03 1.588804132106532097e+09
6.088416992187500000e+03 6.055291015625000000e+03 5.302110351562500000e+03 5.238357421875000000e+03 1.588804135575498343e+09
5.443922363281250000e+03 5.392235839843750000e+03 5.588240722656250000e+03 5.525153808593750000e+03 1.588804139046529770e+09
6.092604492187500000e+03 6.056541992187500000e+03 5.357712890625000000e+03 5.292486816406250000e+03 1.588804142467346191e+09
5.265902832031250000e+03 5.204152343750000000e+03 5.242199707031250000e+03 5.176834960937500000e+03 1.588804145877836943e+09
5.845684082031250000e+03 5.803131835937500000e+03 5.159250000000000000e+03 5.091590332031250000e+03 1.588804149271486998e+09
6.041452148437500000e+03 6.007768066406250000e+03 5.091892089843750000e+03 5.023638183593750000e+03 1.588804152641524792e+09
5.750324218750000000e+03 5.707887695312500000e+03 5.079672363281250000e+03 5.010186035156250000e+03 1.588804156043386936e+09
5.971170410156250000e+03 5.942566894531250000e+03 5.085420898437500000e+03 5.016171386718750000e+03 1.588804159449089527e+09
5.757708984375000000e+03 5.713722656250000000e+03 5.100760253906250000e+03 5.029627441406250000e+03 1.588804162854988337e+09
6.055958007812500000e+03 6.021656738281250000e+03 5.100937500000000000e+03 5.029848632812500000e+03 1.588804166273020983e+09
6.052081054687500000e+03 6.016471679687500000e+03 5.092032714843750000e+03 5.020259765625000000e+03 1.588804169662668467e+09
5.520306640625000000e+03 5.469288085937500000e+03 5.104554199218750000e+03 5.033076171875000000e+03 1.588804173054606915e+09
6.044438476562500000e+03 6.007022949218750000e+03 5.088908203125000000e+03 5.016894042968750000e+03 1.588804176444507599e+09
5.515580566406250000e+03 5.460793945312500000e+03 5.101166992187500000e+03 5.028797851562500000e+03 1.588804179811639547e+09
5.383485839843750000e+03 5.334397460937500000e+03 5.076844726562500000e+03 5.004349121093750000e+03 1.588804183202354431e+09
5.127219726562500000e+03 5.061539062500000000e+03 5.125790527343750000e+03 5.053256835937500000e+03 1.588804186613026381e+09
6.049929687500000000e+03 6.013365234375000000e+03 5.110207519531250000e+03 5.037634765625000000e+03 1.588804189990671873e+09
5.086424316406250000e+03 5.019284179687500000e+03 5.068617187500000000e+03 4.996140136718750000e+03 1.588804193448479652e+09
5.075914062500000000e+03 5.009293945312500000e+03 5.098970214843750000e+03 5.026441894531250000e+03 1.588804196840031862e+09
5.091042968750000000e+03 5.026278808593750000e+03 5.082012695312500000e+03 5.009599609375000000e+03 1.588804200252362728e+09
5.402638183593750000e+03 5.351326171875000000e+03 5.095780273437500000e+03 5.022990722656250000e+03 1.588804203671287537e+09
5.333436035156250000e+03 5.287980468750000000e+03 5.088939941406250000e+03 5.014633789062500000e+03 1.588804207045681477e+09
4.888990234375000000e+03 4.819999511718750000e+03 5.080135253906250000e+03 5.005669921875000000e+03 1.588804210480020046e+09
5.097223632812500000e+03 5.028054199218750000e+03 5.083822265625000000e+03 5.008888183593750000e+03 1.588804213882613659e+09
5.079314941406250000e+03 5.007673828125000000e+03 5.079886230468750000e+03 5.004355957031250000e+03 1.588804217270532131e+09
5.066463378906250000e+03 4.999119140625000000e+03 5.077062988281250000e+03 5.001604980468750000e+03 1.588804220676688433e+09
6.015069824218750000e+03 5.977543457031250000e+03 5.084901855468750000e+03 5.009208984375000000e+03 1.588804224103235483e+09
6.042412597656250000e+03 6.008069335937500000e+03 5.071771484375000000e+03 4.996377929687500000e+03 1.588804227500077963e+09
5.405716796875000000e+03 5.353939453125000000e+03 5.085121093750000000e+03 5.009958007812500000e+03 1.588804230949628115e+09
5.061940429687500000e+03 4.994132324218750000e+03 5.086768554687500000e+03 5.011827148437500000e+03 1.588804234361812830e+09
5.200762207031250000e+03 5.125080566406250000e+03 5.090759277343750000e+03 5.015217285156250000e+03 1.588804237735371590e+09
5.409527832031250000e+03 5.356131835937500000e+03 5.085727050781250000e+03 5.009250976562500000e+03 1.588804241142797232e+09
5.067881835937500000e+03 4.996172851562500000e+03 5.078822753906250000e+03 5.002534179687500000e+03 1.588804244603733540e+09
5.332663085937500000e+03 5.270658203125000000e+03 5.135237792968750000e+03 5.063552734375000000e+03 1.588804248033045769e+09
5.115077148437500000e+03 5.046652343750000000e+03 5.099141113281250000e+03 5.024711914062500000e+03 1.588804251455167770e+09
6.042483886718750000e+03 6.003860351562500000e+03 5.089421386718750000e+03 5.014832519531250000e+03 1.588804254861502886e+09
5.037919433593750000e+03 4.960841796875000000e+03 5.089801757812500000e+03 5.014719726562500000e+03 1.588804258267585993e+09
5.090884765625000000e+03 5.023006835937500000e+03 5.098792968750000000e+03 5.023600585937500000e+03 1.588804261627066851e+09
5.332175292968750000e+03 5.287445312500000000e+03 5.083713378906250000e+03 5.008087402343750000e+03 1.588804265035470486e+09
5.098575195312500000e+03 5.026995605468750000e+03 5.098323730468750000e+03 5.022817382812500000e+03 1.588804268421237469e+09
4.983345703125000000e+03 4.902822265625000000e+03 5.078545898437500000e+03 5.002400390625000000e+03 1.588804271831643581e+09
5.074520019531250000e+03 5.004117187500000000e+03 5.075892089843750000e+03 4.998852050781250000e+03 1.588804275244351149e+09
5.075582519531250000e+03 5.004224121093750000e+03 5.080769531250000000e+03 5.004545898437500000e+03 1.588804278644250393e+09
5.076741699218750000e+03 5.003144531250000000e+03 5.089723632812500000e+03 5.012959472656250000e+03 1.588804282075017691e+09
5.367686035156250000e+03 5.318553222656250000e+03 5.083826171875000000e+03 5.006312988281250000e+03 1.588804285489769697e+09
5.117573242187500000e+03 5.048292968750000000e+03 5.117770507812500000e+03 5.041977539062500000e+03 1.588804288900438309e+09
5.198871582031250000e+03 5.120479492187500000e+03 5.069663574218750000e+03 4.992698242187500000e+03 1.588804292293197632e+09
5.091866699218750000e+03 5.019548828125000000e+03 5.112628906250000000e+03 5.035527343750000000e+03 1.588804295706013203e+09
5.085784179687500000e+03 5.011623535156250000e+03 5.087235351562500000e+03 5.009907226562500000e+03 1.588804299141286850e+09
5.117153808593750000e+03 5.046084960937500000e+03 5.054952148437500000e+03 4.977966796875000000e+03 1.588804302563883066e+09
4.935222656250000000e+03 4.860508300781250000e+03 4.949922851562500000e+03 4.872488281250000000e+03 1.588804305986342907e+09
5.076897949218750000e+03 5.001617187500000000e+03 5.078145507812500000e+03 5.000387695312500000e+03 1.588804309418496609e+09
5.393357421875000000e+03 5.338765625000000000e+03 5.062260253906250000e+03 4.984958496093750000e+03 1.588804312849596739e+09
5.185233886718750000e+03 5.140373046875000000e+03 4.915214843750000000e+03 4.836597167968750000e+03 1.588804316288301468e+09
5.084568847656250000e+03 5.012644531250000000e+03 5.000702148437500000e+03 4.922899414062500000e+03 1.588804319738277674e+09
6.046975097656250000e+03 6.011112304687500000e+03 5.087059082031250000e+03 5.009691406250000000e+03 1.588804323192975760e+09
5.078249511718750000e+03 5.007483398437500000e+03 5.065174804687500000e+03 4.988039062500000000e+03 1.588804326614892006e+09
5.443748535156250000e+03 5.386972656250000000e+03 4.921311523437500000e+03 4.842756347656250000e+03 1.588804330039692640e+09
4.870662597656250000e+03 4.799095214843750000e+03 4.912174316406250000e+03 4.833581542968750000e+03 1.588804333510365009e+09
4.830797851562500000e+03 4.752494140625000000e+03 4.936002929687500000e+03 4.859646972656250000e+03 1.588804336941956043e+09
4.911290527343750000e+03 4.838125000000000000e+03 4.919230468750000000e+03 4.841359863281250000e+03 1.588804340379640102e+09
4.919883300781250000e+03 4.845255371093750000e+03 4.923557617187500000e+03 4.845983886718750000e+03 1.588804343780265331e+09
6.244896972656250000e+03 6.203428710937500000e+03 5.647710937500000000e+03 5.584787109375000000e+03 1.588804347183611393e+09
5.622097656250000000e+03 5.570867187500000000e+03 5.178448730468750000e+03 5.103210937500000000e+03 1.588804350574336290e+09
5.379086914062500000e+03 5.321722167968750000e+03 5.137367187500000000e+03 5.063386718750000000e+03 1.588804354048130751e+09
5.151685546875000000e+03 5.084157226562500000e+03 5.146197265625000000e+03 5.072138183593750000e+03 1.588804357500656128e+09
5.170878906250000000e+03 5.101833984375000000e+03 5.178303222656250000e+03 5.105126953125000000e+03 1.588804360946819067e+09
5.143523925781250000e+03 5.076315429687500000e+03 5.139644531250000000e+03 5.067701171875000000e+03 1.588804364451325178e+09
4.845527343750000000e+03 4.767733398437500000e+03 5.125318359375000000e+03 5.051626953125000000e+03 1.588804367938270807e+09
7.096303710937500000e+03 7.054735351562500000e+03 6.806761718750000000e+03 6.785010742187500000e+03 1.588804371353204250e+09
6.254445800781250000e+03 6.186002929687500000e+03 6.272164062500000000e+03 6.199952148437500000e+03 1.588804374551019430e+09
6.211082519531250000e+03 6.144867187500000000e+03 6.226659179687500000e+03 6.155961914062500000e+03 1.588804377942483425e+09
