7.001096191406250000e+03 6.987149414062500000e+03 7.001107910156250000e+03 6.972411621093750000e+03 1.588786614558461905e+09
5.279183593750000000e+03 5.223960937500000000e+03 5.306583984375000000e+03 5.246566406250000000e+03 1.588786628260246754e+09
4.763582031250000000e+03 4.689799316406250000e+03 4.775203125000000000e+03 4.693010742187500000e+03 1.588786641592923403e+09
4.312390136718750000e+03 4.213302734375000000e+03 4.181505371093750000e+03 4.072723144531250000e+03 1.588786654914547920e+09
4.143516113281250000e+03 4.042543701171875000e+03 4.128743164062500000e+03 4.017835449218750000e+03 1.588786668228172064e+09
4.138204589843750000e+03 4.035224609375000000e+03 4.133263671875000000e+03 4.020535644531250000e+03 1.588786681559850931e+09
4.070455078125000000e+03 3.966239746093750000e+03 4.084957519531250000e+03 3.971111816406250000e+03 1.588786695251689196e+09
3.842771728515625000e+03 3.734980712890625000e+03 3.838149169921875000e+03 3.720734863281250000e+03 1.588786708508526564e+09
4.017190673828125000e+03 3.911492675781250000e+03 4.003252685546875000e+03 3.887243408203125000e+03 1.588786722089000702e+09
3.945604736328125000e+03 3.835979248046875000e+03 3.929391845703125000e+03 3.809673095703125000e+03 1.588786735344609261e+09
3.908921875000000000e+03 3.797979492187500000e+03 3.911509033203125000e+03 3.790555175781250000e+03 1.588786749069463015e+09
3.784473876953125000e+03 3.671460205078125000e+03 3.768640380859375000e+03 3.645779541015625000e+03 1.588786762798900843e+09
3.578539062500000000e+03 3.465828125000000000e+03 3.538080566406250000e+03 3.415457519531250000e+03 1.588786775916326761e+09
3.460839599609375000e+03 3.347147216796875000e+03 3.440055908203125000e+03 3.316199707031250000e+03 1.588786789831697464e+09
3.446065185546875000e+03 3.332015625000000000e+03 3.432723144531250000e+03 3.308494628906250000e+03 1.588786803220320940e+09
3.443992675781250000e+03 3.330227050781250000e+03 3.433999267578125000e+03 3.309966308593750000e+03 1.588786816843123674e+09
3.439398681640625000e+03 3.325894042968750000e+03 3.432653564453125000e+03 3.308851562500000000e+03 1.588786830697725773e+09
3.436028564453125000e+03 3.322620361328125000e+03 3.430498535156250000e+03 3.306899902343750000e+03 1.588786844513209581e+09
3.402045898437500000e+03 3.297534912109375000e+03 3.396605957031250000e+03 3.283658447265625000e+03 1.588786857990755081e+09
3.400428710937500000e+03 3.296232421875000000e+03 3.395964843750000000e+03 3.283249511718750000e+03 1.588786871619554043e+09
3.397274658203125000e+03 3.292236083984375000e+03 3.394450195312500000e+03 3.280994628906250000e+03 1.588786885131315708e+09
3.405231201171875000e+03 3.301285644531250000e+03 3.401191894531250000e+03 3.288630859375000000e+03 1.588786898661944866e+09
3.400621093750000000e+03 3.295737548828125000e+03 3.399080078125000000e+03 3.285793457031250000e+03 1.588786913161177158e+09
3.397564453125000000e+03 3.291767089843750000e+03 3.395675781250000000e+03 3.281470703125000000e+03 1.588786926582213402e+09
3.400807128906250000e+03 3.295484863281250000e+03 3.399937500000000000e+03 3.286156494140625000e+03 1.588786940080905199e+09
3.399283691406250000e+03 3.293680175781250000e+03 3.397500976562500000e+03 3.283379638671875000e+03 1.588786953591304779e+09
