6.964864746093750000e+03 6.985621582031250000e+03 6.981581054687500000e+03 6.985845703125000000e+03 1.588797957907160759e+09
5.923850097656250000e+03 5.867126953125000000e+03 3.980493408203125000e+03 3.916783691406250000e+03 1.588797980625640154e+09
4.928581054687500000e+03 4.871214355468750000e+03 3.943832275390625000e+03 3.878745361328125000e+03 1.588797992079765320e+09
4.574056152343750000e+03 4.511600097656250000e+03 3.912066894531250000e+03 3.842765625000000000e+03 1.588798003513740063e+09
4.159761230468750000e+03 4.097851074218750000e+03 3.547138671875000000e+03 3.478409179687500000e+03 1.588798014972462177e+09
4.226050781250000000e+03 4.161562988281250000e+03 3.573926025390625000e+03 3.501747802734375000e+03 1.588798026432332516e+09
3.848336669921875000e+03 3.783146240234375000e+03 3.344245849609375000e+03 3.271066406250000000e+03 1.588798038152415276e+09
3.873684570312500000e+03 3.808924560546875000e+03 3.461716308593750000e+03 3.389505126953125000e+03 1.588798049609371901e+09
3.939031494140625000e+03 3.873956054687500000e+03 3.415889648437500000e+03 3.343286132812500000e+03 1.588798061167707205e+09
3.906659179687500000e+03 3.840956542968750000e+03 3.417225341796875000e+03 3.343951660156250000e+03 1.588798072725575924e+09
3.712750244140625000e+03 3.643184814453125000e+03 3.550262207031250000e+03 3.473696289062500000e+03 1.588798084212037086e+09
4.030261230468750000e+03 3.962696044921875000e+03 3.489266113281250000e+03 3.413826660156250000e+03 1.588798095750967503e+09
4.046414550781250000e+03 3.981462158203125000e+03 3.486796875000000000e+03 3.414301757812500000e+03 1.588798107289094448e+09
3.706368164062500000e+03 3.637858154296875000e+03 3.325432373046875000e+03 3.249062500000000000e+03 1.588798118682648182e+09
3.636797851562500000e+03 3.568034912109375000e+03 3.406666992187500000e+03 3.330253417968750000e+03 1.588798130191348553e+09
3.579839599609375000e+03 3.508976562500000000e+03 3.337947753906250000e+03 3.259910888671875000e+03 1.588798141711325407e+09
3.741708740234375000e+03 3.672213378906250000e+03 3.430728515625000000e+03 3.353464843750000000e+03 1.588798153215015173e+09
3.551944580078125000e+03 3.479824951171875000e+03 3.365010253906250000e+03 3.284991699218750000e+03 1.588798164636264801e+09
3.637083007812500000e+03 3.565947753906250000e+03 3.341699462890625000e+03 3.263701416015625000e+03 1.588798176116220951e+09
3.775709960937500000e+03 3.705382812500000000e+03 3.384774169921875000e+03 3.307073730468750000e+03 1.588798187637058020e+09
3.696137695312500000e+03 3.627058593750000000e+03 3.395531005859375000e+03 3.318777343750000000e+03 1.588798199107673168e+09
3.669583007812500000e+03 3.597818115234375000e+03 3.426727050781250000e+03 3.347548583984375000e+03 1.588798210557684898e+09
3.553000488281250000e+03 3.480915283203125000e+03 3.395505859375000000e+03 3.316059570312500000e+03 1.588798221767518044e+09
3.591327392578125000e+03 3.518739501953125000e+03 3.392544921875000000e+03 3.312613281250000000e+03 1.588798233326464176e+09
3.419246093750000000e+03 3.344836914062500000e+03 3.309361328125000000e+03 3.227714599609375000e+03 1.588798245188871384e+09
3.549012695312500000e+03 3.479619873046875000e+03 3.323193847656250000e+03 3.246427490234375000e+03 1.588798256825921059e+09
3.567650634765625000e+03 3.495338623046875000e+03 3.392387207031250000e+03 3.312720947265625000e+03 1.588798268349225998e+09
3.589854980468750000e+03 3.518306396484375000e+03 3.393680908203125000e+03 3.315230468750000000e+03 1.588798279857779503e+09
3.444520751953125000e+03 3.371437744140625000e+03 3.309500000000000000e+03 3.229537109375000000e+03 1.588798290787969589e+09
3.584973632812500000e+03 3.514688720703125000e+03 3.239634033203125000e+03 3.162337890625000000e+03 1.588798302240634680e+09
3.606371093750000000e+03 3.535194091796875000e+03 3.351278808593750000e+03 3.273001953125000000e+03 1.588798313821222067e+09
